(FJX_spec 05e) UCI J-v8.4(Xwts) (6/05) JPL02+irHNO4+IUPAC/NO2/VOC+Blitz         
NW-JValues   62   64   18    1   18  NJVAL,NQQQ, NWWW, NW1:NW2=01:18 or 12:18
w-eff (nm)      187.      191.      194.      196.      202.      208.
                211.      214.      261.      268.      278.      295.
                303.      310.      316.      333.      380.      574.
SOL#/cm2/s 1.212E+12 1.417E+12 1.474E+12 8.412E+11 7.218E+12 4.391E+12
           8.905E+12 1.093E+13 6.106E+14 4.102E+14 3.090E+14 5.737E+14
           7.343E+14 5.021E+14 8.706E+14 3.786E+15 1.544E+16 2.110E+17
Raylay cm2 5.084E-25 4.468E-25 4.184E-25 3.904E-25 3.355E-25 2.929E-25
           2.736E-25 2.579E-25 1.050E-25 9.376E-26 8.043E-26 6.124E-26
           5.422E-26 4.921E-26 4.515E-26 3.645E-26 2.082E-26 3.853E-27
O2     180 1.728E-21 1.992E-22 3.006E-23 9.843E-24 7.305E-24 6.835E-24
           6.243E-24 5.798E-24 8.625E-26 4.746E-25 3.994E-25 0.000E+00
           0.000E+00 0.000E+00 0.000E+00 0.000E+00 0.000E+00 0.000E+00
O2     260 2.271E-21 3.059E-22 4.913E-23 1.408E-23 7.688E-24 6.835E-24
           6.243E-24 5.875E-24 8.625E-26 4.746E-25 3.994E-25 0.000E+00
           0.000E+00 0.000E+00 0.000E+00 0.000E+00 0.000E+00 0.000E+00
O2     300 2.757E-21 4.239E-22 7.402E-23 2.102E-23 8.353E-24 6.835E-24
           6.243E-24 5.974E-24 8.625E-26 4.746E-25 3.994E-25 0.000E+00
           0.000E+00 0.000E+00 0.000E+00 0.000E+00 0.000E+00 0.000E+00
O3     180 5.868E-19 4.685E-19 4.131E-19 3.546E-19 3.228E-19 4.555E-19
           6.287E-19 9.129E-19 8.865E-18 3.464E-18 1.494E-18 7.482E-19
           2.366E-19 8.725E-20 3.692E-20 4.295E-21 1.804E-23 1.630E-21
O3     260 5.934E-19 4.772E-19 4.223E-19 3.648E-19 3.330E-19 4.610E-19
           6.325E-19 8.753E-19 8.877E-18 3.564E-18 1.553E-18 7.933E-19
           2.572E-19 9.674E-20 4.140E-20 5.457E-21 2.777E-23 1.630E-21
O3     300 5.902E-19 4.712E-19 4.159E-19 3.555E-19 3.301E-19 4.687E-19
           6.372E-19 8.997E-19 8.882E-18 3.597E-18 1.596E-18 8.307E-19
           2.778E-19 1.075E-19 4.724E-20 6.783E-21 4.824E-23 1.630E-21
O3(1D) 180 9.000E-01 9.000E-01 9.000E-01 9.000E-01 9.000E-01 9.000E-01
           9.000E-01 9.000E-01 9.000E-01 9.000E-01 9.000E-01 9.000E-01
           8.926E-01 4.465E-01 8.622E-02 7.739E-02 0.000E+00 0.000E+00
O3(1D) 260 9.000E-01 9.000E-01 9.000E-01 9.000E-01 9.000E-01 9.000E-01
           9.000E-01 9.000E-01 9.000E-01 9.000E-01 9.000E-01 9.000E-01
           8.934E-01 5.046E-01 1.473E-01 8.643E-02 0.000E+00 0.000E+00
O3(1D) 300 9.000E-01 9.000E-01 9.000E-01 9.000E-01 9.000E-01 9.000E-01
           9.000E-01 9.000E-01 9.000E-01 9.000E-01 9.000E-01 9.000E-01
           8.954E-01 5.683E-01 2.363E-01 9.966E-02 0.000E+00 0.000E+00
NO     300 1.020E-18 1.158E-18 5.498E-19 0.000E+00 0.000E+00 0.000E+00
           0.000E+00 1.390E-20 0.000E+00 0.000E+00 0.000E+00 0.000E+00
           0.000E+00 0.000E+00 0.000E+00 0.000E+00 0.000E+00 0.000E+00
NO     300 1.020E-18 1.158E-18 5.498E-19 0.000E+00 0.000E+00 0.000E+00
           0.000E+00 1.390E-20 0.000E+00 0.000E+00 0.000E+00 0.000E+00
           0.000E+00 0.000E+00 0.000E+00 0.000E+00 0.000E+00 0.000E+00
H2COa  223 0.000E+00 0.000E+00 0.000E+00 0.000E+00 0.000E+00 0.000E+00
           0.000E+00 0.000E+00 0.000E+00 0.000E+00 0.000E+00 0.000E+00
           1.929E-20 1.275E-20 1.970E-20 4.354E-21 5.076E-26 0.000E+00
H2COa  293 0.000E+00 0.000E+00 0.000E+00 0.000E+00 0.000E+00 0.000E+00
           0.000E+00 0.000E+00 0.000E+00 0.000E+00 0.000E+00 0.000E+00
           1.835E-20 1.305E-20 1.896E-20 3.950E-21 4.442E-26 0.000E+00
H2COb  223 0.000E+00 0.000E+00 0.000E+00 0.000E+00 0.000E+00 0.000E+00
           0.000E+00 0.000E+00 0.000E+00 0.000E+00 0.000E+00 0.000E+00
           6.344E-21 4.395E-21 9.026E-21 1.041E-20 1.949E-22 0.000E+00
H2COb  293 0.000E+00 0.000E+00 0.000E+00 0.000E+00 0.000E+00 0.000E+00
           0.000E+00 0.000E+00 0.000E+00 0.000E+00 0.000E+00 0.000E+00
           6.035E-21 4.502E-21 8.714E-21 9.434E-21 1.892E-22 0.000E+00
H2O2   200 1.927E-19 3.846E-19 4.477E-19 5.428E-19 4.449E-19 3.760E-19
           3.459E-19 3.193E-19 5.343E-20 4.679E-20 3.328E-20 8.321E-21
           5.009E-21 3.215E-21 2.116E-21 8.010E-22 2.088E-23 0.000E+00
H2O2   300 1.859E-19 3.711E-19 4.320E-19 5.238E-19 4.293E-19 3.628E-19
           3.338E-19 3.081E-19 5.476E-20 4.726E-20 3.347E-20 9.259E-21
           5.736E-21 3.797E-21 2.584E-21 1.049E-21 2.699E-23 0.000E+00
CH3OOH 297 0.000E+00 0.000E+00 0.000E+00 0.000E+00 0.000E+00 3.261E-23
           2.746E-19 2.440E-19 2.750E-20 2.677E-20 2.154E-20 5.599E-21
           3.574E-21 2.437E-21 1.756E-21 7.428E-22 4.236E-23 0.000E+00
CH3OOH 298 0.000E+00 0.000E+00 0.000E+00 0.000E+00 0.000E+00 3.261E-23
           2.746E-19 2.440E-19 2.750E-20 2.677E-20 2.154E-20 5.599E-21
           3.574E-21 2.437E-21 1.756E-21 7.428E-22 4.236E-23 0.000E+00
NO2    220 0.000E+00 0.000E+00 0.000E+00 0.000E+00 9.064E-20 3.942E-19
           4.317E-19 4.467E-19 3.114E-20 9.853E-20 1.142E-19 1.056E-19
           1.476E-19 1.879E-19 2.280E-19 3.255E-19 4.400E-19 2.342E-22
NO2    298 0.000E+00 0.000E+00 0.000E+00 0.000E+00 9.028E-20 4.053E-19
           4.544E-19 4.752E-19 3.364E-20 1.015E-19 1.157E-19 1.055E-19
           1.493E-19 1.886E-19 2.281E-19 3.452E-19 4.594E-19 4.424E-22
NO3    297 0.000E+00 0.000E+00 0.000E+00 0.000E+00 0.000E+00 0.000E+00
           0.000E+00 0.000E+00 0.000E+00 0.000E+00 0.000E+00 0.000E+00
           0.000E+00 0.000E+00 0.000E+00 0.000E+00 0.000E+00 8.344E-19
NO3    298 0.000E+00 0.000E+00 0.000E+00 0.000E+00 0.000E+00 0.000E+00
           0.000E+00 0.000E+00 0.000E+00 0.000E+00 0.000E+00 0.000E+00
           0.000E+00 0.000E+00 0.000E+00 0.000E+00 0.000E+00 8.344E-19
N2O5   225 0.000E+00 0.000E+00 6.554E-19 2.657E-19 6.846E-18 6.566E-18
           5.183E-18 3.988E-18 2.699E-19 2.666E-19 2.732E-19 3.800E-20
           1.998E-20 1.167E-20 7.250E-21 2.296E-21 1.163E-22 0.000E+00
N2O5   300 0.000E+00 0.000E+00 6.554E-19 2.657E-19 6.846E-18 6.566E-18
           5.183E-18 3.988E-18 2.699E-19 2.715E-19 2.878E-19 5.379E-20
           3.317E-20 2.222E-20 1.552E-20 6.409E-21 5.429E-22 0.000E+00
HNO2   297 0.000E+00 0.000E+00 0.000E+00 0.000E+00 0.000E+00 0.000E+00
           0.000E+00 0.000E+00 0.000E+00 0.000E+00 0.000E+00 0.000E+00
           0.000E+00 1.200E-20 3.472E-20 1.090E-19 8.645E-20 0.000E+00
HNO2   298 0.000E+00 0.000E+00 0.000E+00 0.000E+00 0.000E+00 0.000E+00
           0.000E+00 0.000E+00 0.000E+00 0.000E+00 0.000E+00 0.000E+00
           0.000E+00 1.200E-20 3.472E-20 1.090E-19 8.645E-20 0.000E+00
HNO3   200 6.965E-18 1.023E-17 1.033E-17 8.226E-18 3.788E-18 1.301E-18
           6.914E-19 4.947E-19 1.631E-20 1.743E-20 1.802E-20 3.371E-21
           1.378E-21 5.452E-22 2.102E-22 2.155E-23 8.768E-26 0.000E+00
HNO3   300 7.077E-18 1.054E-17 1.082E-17 9.107E-18 4.473E-18 1.565E-18
           8.458E-19 5.796E-19 1.877E-20 2.100E-20 2.241E-20 4.355E-21
           1.923E-21 8.315E-22 3.589E-22 4.765E-23 2.667E-25 0.000E+00
HNO4   297 2.813E-18 5.561E-18 6.267E-18 7.476E-18 4.750E-18 2.866E-18
           2.220E-18 1.834E-18 2.811E-19 2.129E-19 1.493E-19 2.580E-20
           1.103E-20 5.222E-21 2.794E-21 2.302E-22 0.000E+00 4.739E-23
HNO4   298 2.813E-18 5.561E-18 6.267E-18 7.476E-18 4.750E-18 2.866E-18
           2.220E-18 1.834E-18 2.811E-19 2.129E-19 1.493E-19 2.580E-20
           1.103E-20 5.222E-21 2.794E-21 2.302E-22 0.000E+00 4.739E-23
ClNO3a 210 8.854E-20 2.786E-19 5.789E-19 9.792E-19 1.600E-18 1.789E-18
           1.936E-18 2.026E-18 2.003E-19 2.712E-19 1.999E-19 2.100E-20
           1.126E-20 6.883E-21 4.724E-21 2.359E-21 9.428E-22 6.843E-24
ClNO3a 296 9.512E-20 2.989E-19 6.177E-19 1.048E-18 1.669E-18 1.808E-18
           1.933E-18 2.011E-18 2.317E-19 2.896E-19 2.072E-19 2.744E-20
           1.542E-20 9.840E-21 6.951E-21 3.337E-21 1.161E-21 9.535E-24
ClNO3b 210 5.905E-20 1.858E-19 3.859E-19 6.528E-19 1.067E-18 1.192E-18
           1.291E-18 1.351E-18 1.335E-19 1.808E-19 1.332E-19 1.400E-20
           7.502E-21 4.336E-21 2.462E-21 7.223E-22 2.647E-23 0.000E+00
ClNO3b 296 6.343E-20 1.993E-19 4.118E-19 6.984E-19 1.113E-18 1.205E-18
           1.289E-18 1.340E-18 1.545E-19 1.931E-19 1.381E-19 1.830E-20
           1.028E-20 6.195E-21 3.620E-21 1.036E-21 3.273E-23 0.000E+00
Cl2    200 0.000E+00 0.000E+00 0.000E+00 0.000E+00 0.000E+00 0.000E+00
           0.000E+00 0.000E+00 3.736E-21 2.184E-20 4.812E-20 8.194E-20
           1.387E-19 1.882E-19 2.283E-19 2.549E-19 6.209E-20 6.456E-22
Cl2    300 0.000E+00 0.000E+00 0.000E+00 0.000E+00 0.000E+00 0.000E+00
           0.000E+00 0.000E+00 5.138E-21 2.585E-20 5.345E-20 8.719E-20
           1.403E-19 1.851E-19 2.205E-19 2.436E-19 6.467E-20 6.807E-22
HOCl   297 0.000E+00 0.000E+00 4.931E-21 2.073E-21 4.917E-20 5.423E-20
           5.793E-20 6.707E-20 1.023E-19 6.430E-20 5.411E-20 5.574E-20
           6.067E-20 5.955E-20 5.379E-20 3.130E-20 6.501E-21 1.218E-23
HOCl   298 0.000E+00 0.000E+00 4.931E-21 2.073E-21 4.917E-20 5.423E-20
           5.793E-20 6.707E-20 1.023E-19 6.430E-20 5.411E-20 5.574E-20
           6.067E-20 5.955E-20 5.379E-20 3.130E-20 6.501E-21 1.218E-23
OClO   204 0.000E+00 0.000E+00 0.000E+00 0.000E+00 0.000E+00 0.000E+00
           0.000E+00 0.000E+00 2.579E-19 4.827E-19 7.348E-19 1.168E-18
           1.805E-18 2.562E-18 3.048E-18 4.699E-18 3.310E-18 4.019E-20
OClO   298 0.000E+00 0.000E+00 0.000E+00 0.000E+00 0.000E+00 0.000E+00
           0.000E+00 0.000E+00 2.579E-19 4.827E-19 7.348E-19 1.168E-18
           1.805E-18 2.562E-18 3.048E-18 4.699E-18 3.310E-18 4.019E-20
Cl2O2  229 1.607E-18 3.199E-18 3.698E-18 4.465E-18 3.491E-18 2.731E-18
           2.406E-18 2.207E-18 3.744E-18 1.886E-18 1.273E-18 9.307E-19
           6.255E-19 4.331E-19 3.063E-19 1.572E-19 2.697E-20 1.621E-22
Cl2O2  230 1.607E-18 3.199E-18 3.698E-18 4.465E-18 3.491E-18 2.731E-18
           2.406E-18 2.207E-18 3.744E-18 1.886E-18 1.273E-18 9.307E-19
           6.255E-19 4.331E-19 3.063E-19 1.572E-19 2.697E-20 1.621E-22
ClO    297 0.000E+00 0.000E+00 1.435E-20 5.211E-21 1.889E-19 3.038E-19
           3.488E-19 3.902E-19 4.613E-18 3.078E-18 1.698E-18 1.292E-18
           4.498E-19 1.499E-19 5.201E-20 2.487E-21 0.000E+00 0.000E+00
ClO    298 0.000E+00 0.000E+00 1.435E-20 5.211E-21 1.889E-19 3.038E-19
           3.488E-19 3.902E-19 4.613E-18 3.078E-18 1.698E-18 1.292E-18
           4.498E-19 1.499E-19 5.201E-20 2.487E-21 0.000E+00 0.000E+00
BrO    297 0.000E+00 0.000E+00 0.000E+00 0.000E+00 0.000E+00 0.000E+00
           0.000E+00 0.000E+00 0.000E+00 0.000E+00 0.000E+00 0.000E+00
           1.840E-18 3.617E-18 4.197E-18 6.167E-18 6.365E-19 0.000E+00
BrO    298 0.000E+00 0.000E+00 0.000E+00 0.000E+00 0.000E+00 0.000E+00
           0.000E+00 0.000E+00 0.000E+00 0.000E+00 0.000E+00 0.000E+00
           1.840E-18 3.617E-18 4.197E-18 6.167E-18 6.365E-19 0.000E+00
BrNO3  230 0.000E+00 0.000E+00 3.867E-19 1.597E-19 3.890E-18 3.829E-18
           3.342E-18 3.005E-18 5.345E-19 5.791E-19 4.403E-19 2.066E-19
           1.739E-19 1.486E-19 1.264E-19 8.806E-20 3.680E-20 1.442E-21
BrNO3  298 0.000E+00 0.000E+00 4.709E-19 1.963E-19 4.616E-18 4.201E-18
           3.465E-18 3.017E-18 5.531E-19 5.766E-19 4.418E-19 2.091E-19
           1.702E-19 1.420E-19 1.203E-19 8.631E-20 3.680E-20 1.443E-21
HOBr   297 0.000E+00 0.000E+00 0.000E+00 0.000E+00 0.000E+00 0.000E+00
           0.000E+00 0.000E+00 1.265E-19 2.035E-19 2.212E-19 2.194E-19
           1.727E-19 1.368E-19 1.158E-19 1.124E-19 6.157E-20 2.759E-21
HOBr   298 0.000E+00 0.000E+00 0.000E+00 0.000E+00 0.000E+00 0.000E+00
           0.000E+00 0.000E+00 1.265E-19 2.035E-19 2.212E-19 2.194E-19
           1.727E-19 1.368E-19 1.158E-19 1.124E-19 6.157E-20 2.759E-21
BrCl   295 0.000E+00 0.000E+00 1.876E-21 6.930E-22 2.396E-20 3.703E-20
           4.155E-20 4.528E-20 2.454E-20 1.840E-20 1.072E-20 6.207E-21
           8.063E-21 1.273E-20 2.233E-20 9.996E-20 3.062E-19 2.085E-20
BrCl   298 0.000E+00 0.000E+00 1.876E-21 6.930E-22 2.396E-20 3.703E-20
           4.155E-20 4.528E-20 2.454E-20 1.840E-20 1.072E-20 6.207E-21
           8.063E-21 1.273E-20 2.233E-20 9.996E-20 3.062E-19 2.085E-20
N2O    200 1.065E-19 8.303E-20 6.784E-20 5.019E-20 2.100E-20 6.197E-21
           3.137E-21 2.400E-21 3.170E-25 9.720E-24 4.034E-23 0.000E+00
           0.000E+00 0.000E+00 0.000E+00 0.000E+00 0.000E+00 0.000E+00
N2O    300 1.212E-19 9.844E-20 8.267E-20 6.426E-20 3.031E-20 1.110E-20
           6.355E-21 4.533E-21 1.441E-24 3.766E-23 1.148E-22 0.000E+00
           0.000E+00 0.000E+00 0.000E+00 0.000E+00 0.000E+00 0.000E+00
CFCl3  210 2.242E-18 1.640E-18 1.327E-18 9.878E-19 4.774E-19 1.726E-19
           9.677E-20 6.833E-20 3.716E-23 5.403E-22 1.631E-21 0.000E+00
           0.000E+00 0.000E+00 0.000E+00 0.000E+00 0.000E+00 0.000E+00
CFCl3  298 2.242E-18 1.640E-18 1.327E-18 9.878E-19 4.894E-19 2.040E-19
           1.270E-19 9.220E-20 9.748E-23 1.216E-21 2.850E-21 0.000E+00
           0.000E+00 0.000E+00 0.000E+00 0.000E+00 0.000E+00 0.000E+00
CF2Cl2 210 9.836E-19 5.131E-19 3.272E-19 1.518E-19 3.668E-20 5.683E-21
           2.471E-21 5.589E-21 1.848E-25 6.046E-24 2.653E-23 0.000E+00
           0.000E+00 0.000E+00 0.000E+00 0.000E+00 0.000E+00 0.000E+00
CF2Cl2 298 1.019E-18 5.775E-19 3.959E-19 2.177E-19 6.305E-20 1.272E-20
           5.987E-21 8.393E-21 8.011E-25 2.328E-23 7.981E-23 0.000E+00
           0.000E+00 0.000E+00 0.000E+00 0.000E+00 0.000E+00 0.000E+00
F113   210 9.551E-19 5.845E-19 4.188E-19 2.475E-19 7.441E-20 1.707E-20
           8.903E-21 1.044E-20 3.422E-24 5.358E-23 1.487E-22 0.000E+00
           0.000E+00 0.000E+00 0.000E+00 0.000E+00 0.000E+00 0.000E+00
F113   295 9.566E-19 5.888E-19 4.273E-19 2.621E-19 9.304E-20 2.669E-20
           1.447E-20 1.349E-20 6.600E-24 9.778E-23 2.569E-22 0.000E+00
           0.000E+00 0.000E+00 0.000E+00 0.000E+00 0.000E+00 0.000E+00
F114   210 1.223E-19 5.381E-20 3.309E-20 1.590E-20 4.519E-21 9.477E-22
           4.520E-22 6.685E-22 4.686E-26 2.242E-24 6.591E-24 0.000E+00
           0.000E+00 0.000E+00 0.000E+00 0.000E+00 0.000E+00 0.000E+00
F114   298 1.229E-19 5.503E-20 3.458E-20 1.810E-20 5.987E-21 1.606E-21
           8.457E-22 9.055E-22 1.171E-25 5.438E-24 1.480E-23 0.000E+00
           0.000E+00 0.000E+00 0.000E+00 0.000E+00 0.000E+00 0.000E+00
F115   210 7.034E-21 2.953E-21 1.863E-21 1.018E-21 3.539E-22 1.135E-22
           6.099E-23 5.995E-23 0.000E+00 5.477E-25 1.297E-24 0.000E+00
           0.000E+00 0.000E+00 0.000E+00 0.000E+00 0.000E+00 0.000E+00
F115   298 7.034E-21 2.953E-21 1.863E-21 1.018E-21 3.539E-22 1.135E-22
           6.099E-23 5.995E-23 0.000E+00 5.477E-25 1.297E-24 0.000E+00
           0.000E+00 0.000E+00 0.000E+00 0.000E+00 0.000E+00 0.000E+00
CCl4   210 3.764E-18 1.691E-18 1.111E-18 7.231E-19 6.127E-19 4.759E-19
           3.782E-19 2.859E-19 6.507E-22 6.749E-21 1.277E-20 0.000E+00
           0.000E+00 0.000E+00 0.000E+00 0.000E+00 0.000E+00 0.000E+00
CCl4   298 3.764E-18 1.691E-18 1.111E-18 7.235E-19 6.261E-19 5.193E-19
           4.361E-19 3.491E-19 1.541E-21 1.129E-20 1.751E-20 0.000E+00
           0.000E+00 0.000E+00 0.000E+00 0.000E+00 0.000E+00 0.000E+00
CH3Cl  210 2.891E-19 1.285E-19 8.005E-20 3.952E-20 1.110E-20 2.169E-21
           9.976E-22 1.586E-21 1.039E-25 4.025E-24 1.347E-23 0.000E+00
           0.000E+00 0.000E+00 0.000E+00 0.000E+00 0.000E+00 0.000E+00
CH3Cl  298 2.893E-19 1.292E-19 8.106E-20 4.121E-20 1.282E-20 3.139E-21
           1.607E-21 1.957E-21 2.258E-25 8.693E-24 2.690E-23 0.000E+00
           0.000E+00 0.000E+00 0.000E+00 0.000E+00 0.000E+00 0.000E+00
CH3CCl3210 2.733E-18 2.008E-18 1.667E-18 1.338E-18 7.224E-19 3.108E-19
           1.821E-19 1.227E-19 6.279E-23 1.427E-21 3.774E-21 0.000E+00
           0.000E+00 0.000E+00 0.000E+00 0.000E+00 0.000E+00 0.000E+00
CH3CCl3298 2.733E-18 2.008E-18 1.668E-18 1.338E-18 7.435E-19 3.535E-19
           2.234E-19 1.551E-19 2.104E-22 2.438E-21 5.286E-21 0.000E+00
           0.000E+00 0.000E+00 0.000E+00 0.000E+00 0.000E+00 0.000E+00
CH2Cl2 295 1.007E-18 5.727E-19 3.914E-19 2.141E-19 7.123E-20 2.123E-20
           1.194E-20 1.191E-20 7.533E-24 9.548E-23 2.269E-22 0.000E+00
           0.000E+00 0.000E+00 0.000E+00 0.000E+00 0.000E+00 0.000E+00
CH2Cl2 298 1.007E-18 5.727E-19 3.914E-19 2.141E-19 7.123E-20 2.123E-20
           1.194E-20 1.191E-20 7.533E-24 9.548E-23 2.269E-22 0.000E+00
           0.000E+00 0.000E+00 0.000E+00 0.000E+00 0.000E+00 0.000E+00
CHF2Cl 210 7.710E-21 2.711E-21 1.511E-21 6.753E-22 1.904E-22 3.776E-23
           1.836E-23 2.848E-23 0.000E+00 0.000E+00 1.996E-25 0.000E+00
           0.000E+00 0.000E+00 0.000E+00 0.000E+00 0.000E+00 0.000E+00
CHF2Cl 298 7.724E-21 2.742E-21 1.551E-21 7.369E-22 2.368E-22 6.205E-23
           3.498E-23 3.933E-23 0.000E+00 0.000E+00 5.763E-25 0.000E+00
           0.000E+00 0.000E+00 0.000E+00 0.000E+00 0.000E+00 0.000E+00
F123   210 9.576E-19 5.035E-19 3.357E-19 1.840E-19 6.075E-20 1.632E-20
           8.820E-21 9.296E-21 4.447E-24 6.554E-23 1.642E-22 0.000E+00
           0.000E+00 0.000E+00 0.000E+00 0.000E+00 0.000E+00 0.000E+00
F123   295 1.045E-18 5.944E-19 4.156E-19 2.460E-19 8.879E-20 2.668E-20
           1.501E-20 1.398E-20 1.185E-23 1.329E-22 3.041E-22 0.000E+00
           0.000E+00 0.000E+00 0.000E+00 0.000E+00 0.000E+00 0.000E+00
F141b  210 1.074E-18 6.935E-19 5.086E-19 3.056E-19 1.024E-19 2.589E-20
           1.298E-20 1.383E-20 2.923E-24 6.495E-23 2.084E-22 0.000E+00
           0.000E+00 0.000E+00 0.000E+00 0.000E+00 0.000E+00 0.000E+00
F141b  298 1.130E-18 7.388E-19 5.480E-19 3.437E-19 1.218E-19 3.311E-20
           1.749E-20 1.674E-20 4.872E-24 1.069E-22 2.995E-22 0.000E+00
           0.000E+00 0.000E+00 0.000E+00 0.000E+00 0.000E+00 0.000E+00
F142b  210 2.360E-20 8.575E-21 4.799E-21 2.152E-21 6.213E-22 1.325E-22
           6.412E-23 9.150E-23 0.000E+00 1.701E-25 8.244E-25 0.000E+00
           0.000E+00 0.000E+00 0.000E+00 0.000E+00 0.000E+00 0.000E+00
F142b  298 2.907E-20 1.159E-20 6.869E-21 3.369E-21 1.061E-21 2.569E-22
           1.309E-22 1.541E-22 0.000E+00 4.404E-25 1.899E-24 0.000E+00
           0.000E+00 0.000E+00 0.000E+00 0.000E+00 0.000E+00 0.000E+00
CH3Br  210 1.171E-18 5.073E-19 5.922E-19 6.979E-19 7.652E-19 6.880E-19
           6.102E-19 5.214E-19 6.085E-21 2.958E-20 3.248E-20 0.000E+00
           0.000E+00 0.000E+00 0.000E+00 0.000E+00 0.000E+00 0.000E+00
CH3Br  296 1.171E-18 5.073E-19 5.922E-19 6.979E-19 7.712E-19 7.004E-19
           6.238E-19 5.365E-19 7.705E-21 3.216E-20 3.394E-20 0.000E+00
           0.000E+00 0.000E+00 0.000E+00 0.000E+00 0.000E+00 0.000E+00
H1211  210 5.589E-19 6.439E-19 7.659E-19 9.298E-19 1.222E-18 1.287E-18
           1.221E-18 1.107E-18 2.882E-20 8.144E-20 7.581E-20 2.541E-23
           6.500E-24 2.057E-24 7.284E-25 6.118E-28 0.000E+00 0.000E+00
H1211  298 5.141E-19 5.818E-19 6.906E-19 8.300E-19 1.109E-18 1.171E-18
           1.110E-18 1.003E-18 3.542E-20 7.859E-20 6.952E-20 1.022E-22
           2.615E-23 8.272E-24 2.930E-24 2.461E-27 0.000E+00 0.000E+00
H1301  210 5.995E-20 8.157E-20 9.414E-20 1.083E-19 1.321E-19 1.358E-19
           1.256E-19 1.097E-19 7.420E-22 5.469E-21 6.812E-21 1.140E-25
           7.189E-27 0.000E+00 0.000E+00 0.000E+00 0.000E+00 0.000E+00
H1301  298 5.443E-20 7.368E-20 8.466E-20 9.680E-20 1.181E-19 1.235E-19
           1.170E-19 1.049E-19 1.370E-21 6.546E-21 6.959E-21 3.799E-25
           2.397E-26 0.000E+00 0.000E+00 0.000E+00 0.000E+00 0.000E+00
H2402  210 1.118E-18 1.232E-18 1.270E-18 1.304E-18 1.288E-18 1.169E-18
           1.064E-18 9.201E-19 2.046E-20 6.816E-20 6.284E-20 1.589E-23
           4.517E-24 1.709E-24 8.065E-25 8.668E-28 0.000E+00 0.000E+00
H2402  298 1.022E-18 1.134E-18 1.176E-18 1.220E-18 1.211E-18 1.099E-18
           1.004E-18 8.980E-19 2.562E-20 6.784E-20 6.078E-20 3.972E-23
           1.129E-23 4.273E-24 2.016E-24 2.167E-27 0.000E+00 0.000E+00
CH2Br2 210 1.982E-18 1.960E-18 2.055E-18 2.218E-18 2.152E-18 2.271E-18
           2.588E-18 3.087E-18 1.541E-19 4.402E-19 2.912E-19 7.301E-23
           4.779E-24 0.000E+00 0.000E+00 0.000E+00 0.000E+00 0.000E+00
CH2Br2 298 2.008E-18 1.986E-18 2.083E-18 2.247E-18 2.209E-18 2.274E-18
           2.409E-18 2.574E-18 1.724E-19 3.517E-19 2.268E-19 2.555E-22
           1.991E-23 0.000E+00 0.000E+00 0.000E+00 0.000E+00 0.000E+00
CHBr3  210 5.606E-18 4.297E-18 4.044E-18 3.942E-18 4.624E-18 4.751E-18
           5.084E-18 5.540E-18 7.789E-19 8.739E-19 5.382E-19 7.277E-21
           1.884E-21 5.782E-22 2.108E-22 2.464E-23 2.023E-25 0.000E+00
CHBr3  296 5.669E-18 4.295E-18 3.954E-18 3.754E-18 4.281E-18 4.543E-18
           4.825E-18 5.243E-18 8.965E-19 8.578E-19 5.134E-19 1.610E-20
           4.872E-21 1.700E-21 7.082E-22 9.393E-23 9.635E-25 0.000E+00
CH3I   210 0.000E+00 0.000E+00 0.000E+00 0.000E+00 0.000E+00 3.783E-24
           3.728E-20 4.778E-20 8.226E-19 2.018E-19 6.421E-20 2.746E-20
           8.256E-21 3.546E-21 1.827E-21 3.465E-22 2.334E-24 0.000E+00
CH3I   298 0.000E+00 0.000E+00 0.000E+00 0.000E+00 0.000E+00 3.783E-24
           3.728E-20 4.778E-20 8.408E-19 2.444E-19 9.306E-20 4.597E-20
           1.511E-20 6.445E-21 3.295E-21 6.746E-22 9.724E-24 0.000E+00
CF3I   210 7.620E-21 3.866E-21 2.383E-21 1.653E-21 1.770E-21 2.842E-21
           4.166E-21 6.221E-21 5.769E-19 3.687E-19 2.029E-19 1.214E-19
           4.279E-20 1.637E-20 7.403E-21 1.178E-21 1.211E-23 0.000E+00
CF3I   300 7.620E-21 3.866E-21 2.383E-21 1.653E-21 1.770E-21 2.842E-21
           4.166E-21 6.221E-21 5.173E-19 3.588E-19 2.280E-19 1.529E-19
           6.501E-20 2.933E-20 1.454E-20 2.599E-21 3.820E-23 0.000E+00
OCS    225 2.260E-20 2.637E-20 2.915E-20 2.346E-20 6.030E-20 1.225E-19
           1.688E-19 2.185E-19 1.001E-20 3.890E-20 2.315E-20 9.117E-25
           0.000E+00 0.000E+00 0.000E+00 0.000E+00 0.000E+00 0.000E+00
OCS    295 3.160E-20 3.500E-20 3.614E-20 2.440E-20 5.990E-20 1.216E-19
           1.685E-19 2.190E-19 1.388E-20 4.353E-20 2.365E-20 2.955E-24
           0.000E+00 0.000E+00 0.000E+00 0.000E+00 0.000E+00 0.000E+00
PAN    250 1.994E-19 6.253E-19 1.263E-18 2.173E-18 2.931E-18 2.201E-18
           1.765E-18 1.323E-18 6.578E-20 8.914E-20 8.161E-20 2.418E-21
           9.255E-22 4.342E-22 2.290E-22 5.508E-23 6.899E-25 0.000E+00
PAN    298 2.189E-19 6.847E-19 1.370E-18 2.366E-18 3.094E-18 2.279E-18
           1.834E-18 1.386E-18 7.926E-20 1.002E-19 8.838E-20 3.526E-21
           1.400E-21 6.730E-22 3.630E-22 9.302E-23 1.257E-24 0.000E+00
CH3NO3 240 0.000E+00 0.000E+00 0.000E+00 0.000E+00 0.000E+00 0.000E+00
           0.000E+00 0.000E+00 2.270E-20 1.016E-20 6.659E-21 4.646E-21
           2.023E-21 9.350E-22 3.734E-22 3.799E-23 0.000E+00 0.000E+00
CH3NO3 298 0.000E+00 0.000E+00 0.000E+00 0.000E+00 0.000E+00 0.000E+00
           0.000E+00 0.000E+00 2.707E-20 1.248E-20 8.383E-21 5.989E-21
           2.736E-21 1.342E-21 5.740E-22 7.027E-23 0.000E+00 0.000E+00
ActAld 297 0.000E+00 0.000E+00 1.083E-23 0.000E+00 3.359E-22 5.086E-22
           4.875E-22 4.797E-22 1.889E-20 2.339E-20 2.394E-20 2.155E-20
           1.461E-20 8.378E-21 3.338E-21 1.787E-22 0.000E+00 0.000E+00
ActAld 298 0.000E+00 0.000E+00 1.083E-23 0.000E+00 3.359E-22 5.086E-22
           4.875E-22 4.797E-22 1.889E-20 2.339E-20 2.394E-20 2.155E-20
           1.461E-20 8.378E-21 3.338E-21 1.787E-22 0.000E+00 0.000E+00
MeVK   297 0.000E+00 0.000E+00 0.000E+00 0.000E+00 0.000E+00 0.000E+00
           0.000E+00 0.000E+00 8.150E-22 2.236E-21 3.828E-21 5.542E-21
           7.954E-21 8.821E-21 7.238E-21 3.383E-21 1.776E-22 0.000E+00
MeVK   298 0.000E+00 0.000E+00 0.000E+00 0.000E+00 0.000E+00 0.000E+00
           0.000E+00 0.000E+00 8.150E-22 2.236E-21 3.828E-21 5.542E-21
           7.954E-21 8.821E-21 7.238E-21 3.383E-21 1.776E-22 0.000E+00
MeAcr  297 0.000E+00 0.000E+00 0.000E+00 0.000E+00 0.000E+00 0.000E+00
           0.000E+00 0.000E+00 2.367E-23 7.680E-23 1.404E-22 2.117E-22
           3.151E-22 3.998E-22 4.741E-22 5.220E-22 1.054E-22 0.000E+00
MeAcr  298 0.000E+00 0.000E+00 0.000E+00 0.000E+00 0.000E+00 0.000E+00
           0.000E+00 0.000E+00 2.367E-23 7.680E-23 1.404E-22 2.117E-22
           3.151E-22 3.998E-22 4.741E-22 5.220E-22 1.054E-22 0.000E+00
GlyAld 297 0.000E+00 0.000E+00 0.000E+00 0.000E+00 6.854E-20 1.829E-19
           1.143E-19 6.877E-20 3.021E-20 3.421E-20 3.394E-20 2.773E-20
           1.707E-20 9.388E-21 4.392E-21 4.991E-22 0.000E+00 0.000E+00
GlyAld 298 0.000E+00 0.000E+00 0.000E+00 0.000E+00 6.854E-20 1.829E-19
           1.143E-19 6.877E-20 3.021E-20 3.421E-20 3.394E-20 2.773E-20
           1.707E-20 9.388E-21 4.392E-21 4.991E-22 0.000E+00 0.000E+00
MEKeto 297 0.000E+00 0.000E+00 2.641E-22 0.000E+00 4.467E-21 1.749E-21
           1.668E-21 1.838E-21 4.240E-20 4.810E-20 4.620E-20 4.157E-20
           2.685E-20 1.566E-20 7.730E-21 8.247E-22 3.711E-25 0.000E+00
MEKeto 298 0.000E+00 0.000E+00 2.641E-22 0.000E+00 4.467E-21 1.749E-21
           1.668E-21 1.838E-21 4.240E-20 4.810E-20 4.620E-20 4.157E-20
           2.685E-20 1.566E-20 7.730E-21 8.247E-22 3.711E-25 0.000E+00
EAld   297 0.000E+00 0.000E+00 9.499E-24 0.000E+00 3.037E-22 5.328E-22
           6.036E-22 6.853E-22 2.974E-20 4.567E-20 5.141E-20 5.538E-20
           4.632E-20 3.577E-20 2.443E-20 5.902E-21 1.250E-23 0.000E+00
EAld   298 0.000E+00 0.000E+00 9.499E-24 0.000E+00 3.037E-22 5.328E-22
           6.036E-22 6.853E-22 2.974E-20 4.567E-20 5.141E-20 5.538E-20
           4.632E-20 3.577E-20 2.443E-20 5.902E-21 1.250E-23 0.000E+00
MGlyxl 297 0.000E+00 0.000E+00 0.000E+00 0.000E+00 0.000E+00 0.000E+00
           0.000E+00 0.000E+00 3.478E-20 4.142E-20 4.393E-20 4.376E-20
           3.465E-20 2.424E-20 1.789E-20 6.220E-21 2.049E-20 1.356E-21
MGlyxl 298 0.000E+00 0.000E+00 0.000E+00 0.000E+00 0.000E+00 0.000E+00
           0.000E+00 0.000E+00 3.478E-20 4.142E-20 4.393E-20 4.376E-20
           3.465E-20 2.424E-20 1.789E-20 6.220E-21 2.049E-20 1.356E-21
Glyxla 297 0.000E+00 0.000E+00 0.000E+00 0.000E+00 0.000E+00 0.000E+00
           0.000E+00 0.000E+00 6.816E-21 1.019E-20 1.179E-20 1.335E-20
           1.239E-20 1.117E-20 8.340E-21 2.635E-21 0.000E+00 0.000E+00
Glyxla 298 0.000E+00 0.000E+00 0.000E+00 0.000E+00 0.000E+00 0.000E+00
           0.000E+00 0.000E+00 6.816E-21 1.019E-20 1.179E-20 1.335E-20
           1.239E-20 1.117E-20 8.340E-21 2.635E-21 0.000E+00 0.000E+00
Glyxlb 297 0.000E+00 0.000E+00 0.000E+00 0.000E+00 0.000E+00 0.000E+00
           0.000E+00 0.000E+00 0.000E+00 0.000E+00 0.000E+00 0.000E+00
           0.000E+00 0.000E+00 0.000E+00 0.000E+00 5.973E-22 2.210E-22
Glyxlb 298 0.000E+00 0.000E+00 0.000E+00 0.000E+00 0.000E+00 0.000E+00
           0.000E+00 0.000E+00 0.000E+00 0.000E+00 0.000E+00 0.000E+00
           0.000E+00 0.000E+00 0.000E+00 0.000E+00 5.973E-22 2.210E-22
JPL-NO2299 0.000E+00 0.000E+00 5.257E-21 0.000E+00 2.566E-19 4.540E-19
           4.800E-19 4.800E-19 3.950E-20 1.062E-19 1.196E-19 1.083E-19
           1.493E-19 1.886E-19 2.306E-19 3.394E-19 4.228E-19 4.019E-22
JPL-NO2300 0.000E+00 0.000E+00 5.257E-21 0.000E+00 2.566E-19 4.540E-19
           4.800E-19 4.800E-19 3.952E-20 1.063E-19 1.193E-19 1.075E-19
           1.470E-19 1.848E-19 2.254E-19 3.295E-19 4.169E-19 4.004E-22
C3H6O  220 0.000E+00 0.000E+00 0.000E+00 0.000E+00 0.000E+00 0.000E+00
           0.000E+00 0.000E+00 3.816E-20 3.850E-20 3.504E-20 3.088E-20
           1.944E-20 1.084E-20 5.537E-21 4.705E-22 3.405E-25 0.000E+00
C3H6O  300 0.000E+00 0.000E+00 0.000E+00 0.000E+00 0.000E+00 0.000E+00
           0.000E+00 0.000E+00 3.847E-20 4.048E-20 3.788E-20 3.428E-20
           2.255E-20 1.353E-20 7.279E-21 8.588E-22 6.641E-25 0.000E+00
Q2-Ac  240 3.000E-02 3.000E-02 3.000E-02 3.000E-02 3.000E-02 3.000E-02
           3.000E-02 3.000E-02 3.000E-02 2.294E-02 1.136E-02 5.112E-03
           1.934E-03 8.010E-04 4.156E-04 4.681E-05 0.000E+00 0.000E+00
Q2-Ac  300 2.000E-01 2.000E-01 2.000E-01 2.000E-01 2.000E-01 2.000E-01
           2.000E-01 2.000E-01 2.000E-01 1.770E-01 1.246E-01 8.527E-02
           5.105E-02 3.295E-02 2.218E-02 4.074E-03 0.000E+00 0.000E+00
Q1A-Ac 240 1.000E+00 1.000E+00 1.000E+00 1.000E+00 1.000E+00 1.000E+00
           1.000E+00 1.000E+00 1.000E+00 1.000E+00 1.000E+00 1.000E+00
           1.206E+00 4.144E+00 2.484E+01 9.426E+01 1.000E+02 1.000E+02
Q1A-Ac 300 1.000E+00 1.000E+00 1.000E+00 1.000E+00 1.000E+00 1.000E+00
           1.000E+00 1.000E+00 1.000E+00 1.000E+00 1.000E+00 1.006E+00
           1.222E+00 2.415E+00 6.632E+00 1.961E+01 2.100E+01 2.100E+01
Q1B-Ac 240 0.000E+00 0.000E+00 0.000E+00 0.000E+00 0.000E+00 0.000E+00
           0.000E+00 0.000E+00 0.000E+00 2.670E-02 1.850E-01 1.047E+00
           1.062E+01 5.215E+01 2.617E+02 2.721E+03 3.210E+03 3.210E+03
Q1B-Ac 300 0.000E+00 0.000E+00 0.000E+00 0.000E+00 0.000E+00 0.000E+00
           0.000E+00 0.000E+00 0.000E+00 5.641E-02 2.466E-01 8.916E-01
           4.883E+00 1.620E+01 5.246E+01 2.991E+02 3.420E+02 3.420E+02
