(fort10_06b) UCI J-v8.4 (4/06) JPL02+irHNO4+IUPAC/NO2/VOC+Blitz +flux2006     
NW-JValues   62   64   18    1   18  NJVAL,NQQQ, NWWW, NW1:NW2=01:18 or 12:18
w-eff (nm)      187.      191.      193.      196.      202.      208.
                211.      214.      261.      267.      277.      295.
                303.      310.      316.      333.      380.      574.
SOL#/cm2/s 1.391E+12 1.627E+12 1.664E+12 9.278E+11 7.842E+12 4.680E+12
           9.918E+12 1.219E+13 6.364E+14 4.049E+14 3.150E+14 5.889E+14
           7.678E+14 5.045E+14 8.902E+14 3.853E+15 1.547E+16 2.131E+17
Raylay cm2 5.073E-25 4.479E-25 4.196E-25 3.906E-25 3.355E-25 2.929E-25
           2.736E-25 2.581E-25 1.049E-25 9.492E-26 8.103E-26 6.131E-26
           5.422E-26 4.923E-26 4.514E-26 3.643E-26 2.087E-26 3.848E-27
O2     180 1.727E-21 1.989E-22 3.004E-23 9.833E-24 7.306E-24 6.835E-24
           6.243E-24 5.804E-24 8.662E-26 5.040E-25 4.163E-25 0.000E+00
           0.000E+00 0.000E+00 0.000E+00 0.000E+00 0.000E+00 0.000E+00
O2     260 2.273E-21 3.070E-22 4.943E-23 1.408E-23 7.688E-24 6.835E-24
           6.243E-24 5.886E-24 8.662E-26 5.040E-25 4.163E-25 0.000E+00
           0.000E+00 0.000E+00 0.000E+00 0.000E+00 0.000E+00 0.000E+00
O2     300 2.763E-21 4.269E-22 7.478E-23 2.100E-23 8.350E-24 6.835E-24
           6.243E-24 5.992E-24 8.662E-26 5.040E-25 4.163E-25 0.000E+00
           0.000E+00 0.000E+00 0.000E+00 0.000E+00 0.000E+00 0.000E+00
O3     180 5.849E-19 4.708E-19 4.154E-19 3.549E-19 3.230E-19 4.555E-19
           6.287E-19 9.126E-19 8.846E-18 3.467E-18 1.495E-18 7.561E-19
           2.367E-19 8.756E-20 3.690E-20 4.256E-21 1.806E-23 1.625E-21
O3     260 5.916E-19 4.794E-19 4.246E-19 3.651E-19 3.332E-19 4.610E-19
           6.325E-19 8.750E-19 8.857E-18 3.565E-18 1.555E-18 8.016E-19
           2.572E-19 9.710E-20 4.136E-20 5.409E-21 2.784E-23 1.625E-21
O3     300 5.884E-19 4.736E-19 4.183E-19 3.557E-19 3.302E-19 4.688E-19
           6.372E-19 8.993E-19 8.863E-18 3.597E-18 1.597E-18 8.391E-19
           2.778E-19 1.079E-19 4.720E-20 6.725E-21 4.845E-23 1.625E-21
O3(1D) 180 9.000E-01 9.000E-01 9.000E-01 9.000E-01 9.000E-01 9.000E-01
           9.000E-01 9.000E-01 9.000E-01 9.000E-01 9.000E-01 9.000E-01
           8.926E-01 4.516E-01 8.621E-02 7.740E-02 0.000E+00 0.000E+00
O3(1D) 260 9.000E-01 9.000E-01 9.000E-01 9.000E-01 9.000E-01 9.000E-01
           9.000E-01 9.000E-01 9.000E-01 9.000E-01 9.000E-01 9.000E-01
           8.934E-01 5.091E-01 1.472E-01 8.632E-02 0.000E+00 0.000E+00
O3(1D) 300 9.000E-01 9.000E-01 9.000E-01 9.000E-01 9.000E-01 9.000E-01
           9.000E-01 9.000E-01 9.000E-01 9.000E-01 9.000E-01 9.000E-01
           8.954E-01 5.723E-01 2.362E-01 9.937E-02 0.000E+00 0.000E+00
NO     300 1.009E-18 1.156E-18 5.791E-19 0.000E+00 0.000E+00 0.000E+00
           0.000E+00 1.482E-20 0.000E+00 0.000E+00 0.000E+00 0.000E+00
           0.000E+00 0.000E+00 0.000E+00 0.000E+00 0.000E+00 0.000E+00
NO     300 1.009E-18 1.156E-18 5.791E-19 0.000E+00 0.000E+00 0.000E+00
           0.000E+00 1.482E-20 0.000E+00 0.000E+00 0.000E+00 0.000E+00
           0.000E+00 0.000E+00 0.000E+00 0.000E+00 0.000E+00 0.000E+00
H2COa  223 0.000E+00 0.000E+00 0.000E+00 0.000E+00 0.000E+00 0.000E+00
           0.000E+00 0.000E+00 0.000E+00 0.000E+00 0.000E+00 0.000E+00
           1.945E-20 1.289E-20 1.969E-20 4.324E-21 5.105E-26 0.000E+00
H2COa  293 0.000E+00 0.000E+00 0.000E+00 0.000E+00 0.000E+00 0.000E+00
           0.000E+00 0.000E+00 0.000E+00 0.000E+00 0.000E+00 0.000E+00
           1.850E-20 1.317E-20 1.895E-20 3.922E-21 4.467E-26 0.000E+00
H2COb  223 0.000E+00 0.000E+00 0.000E+00 0.000E+00 0.000E+00 0.000E+00
           0.000E+00 0.000E+00 0.000E+00 0.000E+00 0.000E+00 0.000E+00
           6.397E-21 4.443E-21 9.027E-21 1.040E-20 1.960E-22 0.000E+00
H2COb  293 0.000E+00 0.000E+00 0.000E+00 0.000E+00 0.000E+00 0.000E+00
           0.000E+00 0.000E+00 0.000E+00 0.000E+00 0.000E+00 0.000E+00
           6.086E-21 4.543E-21 8.717E-21 9.424E-21 1.903E-22 0.000E+00
H2O2   200 2.120E-19 4.214E-19 4.925E-19 5.431E-19 4.449E-19 3.760E-19
           3.459E-19 3.196E-19 5.333E-20 4.860E-20 3.421E-20 8.360E-21
           5.008E-21 3.220E-21 2.115E-21 7.984E-22 2.101E-23 0.000E+00
H2O2   300 2.046E-19 4.066E-19 4.752E-19 5.241E-19 4.293E-19 3.628E-19
           3.338E-19 3.083E-19 5.466E-20 4.902E-20 3.437E-20 9.300E-21
           5.735E-21 3.803E-21 2.583E-21 1.046E-21 2.715E-23 0.000E+00
CH3OOH 297 0.000E+00 0.000E+00 0.000E+00 0.000E+00 0.000E+00 0.000E+00
           2.746E-19 2.438E-19 2.745E-20 2.778E-20 2.214E-20 5.621E-21
           3.573E-21 2.441E-21 1.755E-21 7.405E-22 4.261E-23 0.000E+00
CH3OOH 298 0.000E+00 0.000E+00 0.000E+00 0.000E+00 0.000E+00 0.000E+00
           2.746E-19 2.438E-19 2.745E-20 2.778E-20 2.214E-20 5.621E-21
           3.573E-21 2.441E-21 1.755E-21 7.405E-22 4.261E-23 0.000E+00
NO2    220 0.000E+00 0.000E+00 5.112E-21 0.000E+00 1.845E-19 3.942E-19
           4.317E-19 4.464E-19 3.127E-20 1.011E-19 1.155E-19 1.053E-19
           1.476E-19 1.878E-19 2.280E-19 3.257E-19 4.420E-19 1.968E-22
NO2    298 0.000E+00 0.000E+00 5.040E-21 0.000E+00 1.828E-19 4.053E-19
           4.544E-19 4.748E-19 3.376E-20 1.042E-19 1.171E-19 1.052E-19
           1.493E-19 1.885E-19 2.281E-19 3.455E-19 4.612E-19 3.691E-22
NO3    297 0.000E+00 0.000E+00 0.000E+00 0.000E+00 0.000E+00 0.000E+00
           0.000E+00 0.000E+00 0.000E+00 0.000E+00 0.000E+00 0.000E+00
           0.000E+00 0.000E+00 0.000E+00 0.000E+00 0.000E+00 8.266E-19
NO3    298 0.000E+00 0.000E+00 0.000E+00 0.000E+00 0.000E+00 0.000E+00
           0.000E+00 0.000E+00 0.000E+00 0.000E+00 0.000E+00 0.000E+00
           0.000E+00 0.000E+00 0.000E+00 0.000E+00 0.000E+00 8.266E-19
N2O5   225 0.000E+00 0.000E+00 7.943E-19 6.872E-19 7.111E-18 6.566E-18
           5.183E-18 3.985E-18 2.695E-19 2.794E-19 2.822E-19 3.823E-20
           1.998E-20 1.170E-20 7.246E-21 2.286E-21 1.173E-22 0.000E+00
N2O5   300 0.000E+00 0.000E+00 7.943E-19 6.872E-19 7.111E-18 6.566E-18
           5.183E-18 3.985E-18 2.695E-19 2.843E-19 2.968E-19 5.404E-20
           3.317E-20 2.226E-20 1.551E-20 6.389E-21 5.481E-22 0.000E+00
HNO2   297 0.000E+00 0.000E+00 0.000E+00 0.000E+00 0.000E+00 0.000E+00
           0.000E+00 0.000E+00 0.000E+00 0.000E+00 0.000E+00 0.000E+00
           0.000E+00 1.175E-20 3.470E-20 1.093E-19 8.764E-20 0.000E+00
HNO2   298 0.000E+00 0.000E+00 0.000E+00 0.000E+00 0.000E+00 0.000E+00
           0.000E+00 0.000E+00 0.000E+00 0.000E+00 0.000E+00 0.000E+00
           0.000E+00 1.175E-20 3.470E-20 1.093E-19 8.764E-20 0.000E+00
HNO3   200 7.671E-18 1.061E-17 1.043E-17 8.241E-18 3.790E-18 1.301E-18
           6.914E-19 5.036E-19 1.629E-20 1.796E-20 1.854E-20 3.396E-21
           1.377E-21 5.474E-22 2.100E-22 2.131E-23 8.822E-26 0.000E+00
HNO3   300 7.781E-18 1.091E-17 1.090E-17 9.123E-18 4.474E-18 1.565E-18
           8.458E-19 5.886E-19 1.875E-20 2.165E-20 2.305E-20 4.384E-21
           1.923E-21 8.345E-22 3.586E-22 4.720E-23 2.683E-25 0.000E+00
HNO4   297 3.105E-18 6.120E-18 6.954E-18 7.486E-18 4.751E-18 2.866E-18
           2.220E-18 1.840E-18 2.806E-19 2.208E-19 1.538E-19 2.601E-20
           1.103E-20 5.239E-21 2.793E-21 2.250E-22 0.000E+00 4.792E-23
HNO4   298 3.105E-18 6.120E-18 6.954E-18 7.486E-18 4.751E-18 2.866E-18
           2.220E-18 1.840E-18 2.806E-19 2.208E-19 1.538E-19 2.601E-20
           1.103E-20 5.239E-21 2.793E-21 2.250E-22 0.000E+00 4.792E-23
ClNO3a 210 1.194E-19 3.411E-19 6.382E-19 1.137E-18 1.621E-18 1.789E-18
           1.936E-18 2.025E-18 2.000E-19 2.847E-19 2.070E-19 2.113E-20
           1.125E-20 6.895E-21 4.722E-21 2.354E-21 9.486E-22 6.713E-24
ClNO3a 296 1.282E-19 3.661E-19 6.817E-19 1.217E-18 1.691E-18 1.808E-18
           1.933E-18 2.009E-18 2.313E-19 3.034E-19 2.143E-19 2.760E-20
           1.542E-20 9.855E-21 6.949E-21 3.329E-21 1.168E-21 9.354E-24
ClNO3b 210 7.960E-20 2.274E-19 4.255E-19 7.580E-19 1.080E-18 1.192E-18
           1.291E-18 1.350E-18 1.333E-19 1.898E-19 1.380E-19 1.408E-20
           7.500E-21 4.347E-21 2.460E-21 7.192E-22 2.663E-23 0.000E+00
ClNO3b 296 8.550E-20 2.441E-19 4.544E-19 8.114E-19 1.127E-18 1.205E-18
           1.289E-18 1.339E-18 1.542E-19 2.023E-19 1.429E-19 1.840E-20
           1.028E-20 6.210E-21 3.618E-21 1.031E-21 3.292E-23 0.000E+00
Cl2    200 0.000E+00 0.000E+00 0.000E+00 0.000E+00 0.000E+00 0.000E+00
           0.000E+00 0.000E+00 3.777E-21 2.162E-20 4.789E-20 8.147E-20
           1.387E-19 1.880E-19 2.284E-19 2.549E-19 6.256E-20 6.399E-22
Cl2    300 0.000E+00 0.000E+00 0.000E+00 0.000E+00 0.000E+00 0.000E+00
           0.000E+00 0.000E+00 5.189E-21 2.557E-20 5.321E-20 8.674E-20
           1.403E-19 1.849E-19 2.205E-19 2.436E-19 6.516E-20 6.748E-22
HOCl   297 0.000E+00 0.000E+00 6.024E-21 5.363E-21 5.123E-20 5.423E-20
           5.793E-20 6.702E-20 1.021E-19 6.538E-20 5.427E-20 5.567E-20
           6.067E-20 5.957E-20 5.378E-20 3.123E-20 6.548E-21 1.195E-23
HOCl   298 0.000E+00 0.000E+00 6.024E-21 5.363E-21 5.123E-20 5.423E-20
           5.793E-20 6.702E-20 1.021E-19 6.538E-20 5.427E-20 5.567E-20
           6.067E-20 5.957E-20 5.378E-20 3.123E-20 6.548E-21 1.195E-23
OClO   204 0.000E+00 0.000E+00 0.000E+00 0.000E+00 0.000E+00 0.000E+00
           0.000E+00 0.000E+00 2.590E-19 4.774E-19 7.317E-19 1.163E-18
           1.806E-18 2.524E-18 3.061E-18 4.703E-18 3.328E-18 3.958E-20
OClO   298 0.000E+00 0.000E+00 0.000E+00 0.000E+00 0.000E+00 0.000E+00
           0.000E+00 0.000E+00 2.590E-19 4.774E-19 7.317E-19 1.163E-18
           1.806E-18 2.524E-18 3.061E-18 4.703E-18 3.328E-18 3.958E-20
Cl2O2  229 1.769E-18 3.509E-18 4.077E-18 4.468E-18 3.491E-18 2.731E-18
           2.406E-18 2.210E-18 3.736E-18 1.901E-18 1.277E-18 9.342E-19
           6.254E-19 4.338E-19 3.062E-19 1.569E-19 2.717E-20 1.598E-22
Cl2O2  230 1.769E-18 3.509E-18 4.077E-18 4.468E-18 3.491E-18 2.731E-18
           2.406E-18 2.210E-18 3.736E-18 1.901E-18 1.277E-18 9.342E-19
           6.254E-19 4.338E-19 3.062E-19 1.569E-19 2.717E-20 1.598E-22
ClO    297 0.000E+00 0.000E+00 1.700E-20 1.348E-20 1.942E-19 3.038E-19
           3.488E-19 3.899E-19 4.613E-18 3.043E-18 1.697E-18 1.304E-18
           4.511E-19 1.512E-19 5.199E-20 2.434E-21 0.000E+00 0.000E+00
ClO    298 0.000E+00 0.000E+00 1.700E-20 1.348E-20 1.942E-19 3.038E-19
           3.488E-19 3.899E-19 4.613E-18 3.043E-18 1.697E-18 1.304E-18
           4.511E-19 1.512E-19 5.199E-20 2.434E-21 0.000E+00 0.000E+00
BrO    297 0.000E+00 0.000E+00 0.000E+00 0.000E+00 0.000E+00 0.000E+00
           0.000E+00 0.000E+00 0.000E+00 0.000E+00 0.000E+00 0.000E+00
           1.867E-18 3.589E-18 4.195E-18 6.168E-18 6.416E-19 0.000E+00
BrO    298 0.000E+00 0.000E+00 0.000E+00 0.000E+00 0.000E+00 0.000E+00
           0.000E+00 0.000E+00 0.000E+00 0.000E+00 0.000E+00 0.000E+00
           1.867E-18 3.589E-18 4.195E-18 6.168E-18 6.416E-19 0.000E+00
BrNO3  230 0.000E+00 0.000E+00 4.706E-19 4.130E-19 4.049E-18 3.829E-18
           3.342E-18 3.003E-18 5.340E-19 5.991E-19 4.493E-19 2.069E-19
           1.739E-19 1.487E-19 1.264E-19 8.798E-20 3.698E-20 1.433E-21
BrNO3  298 0.000E+00 0.000E+00 5.742E-19 5.079E-19 4.810E-18 4.201E-18
           3.465E-18 3.015E-18 5.525E-19 5.955E-19 4.506E-19 2.094E-19
           1.702E-19 1.421E-19 1.203E-19 8.624E-20 3.697E-20 1.435E-21
HOBr   297 0.000E+00 0.000E+00 0.000E+00 0.000E+00 0.000E+00 0.000E+00
           0.000E+00 0.000E+00 1.275E-19 2.011E-19 2.203E-19 2.198E-19
           1.727E-19 1.369E-19 1.158E-19 1.125E-19 6.205E-20 2.760E-21
HOBr   298 0.000E+00 0.000E+00 0.000E+00 0.000E+00 0.000E+00 0.000E+00
           0.000E+00 0.000E+00 1.275E-19 2.011E-19 2.203E-19 2.198E-19
           1.727E-19 1.369E-19 1.158E-19 1.125E-19 6.205E-20 2.760E-21
BrCl   295 0.000E+00 0.000E+00 2.231E-21 1.793E-21 2.467E-20 3.703E-20
           4.155E-20 4.525E-20 2.449E-20 1.885E-20 1.089E-20 6.209E-21
           8.067E-21 1.270E-20 2.234E-20 1.002E-19 3.069E-19 2.079E-20
BrCl   298 0.000E+00 0.000E+00 2.231E-21 1.793E-21 2.467E-20 3.703E-20
           4.155E-20 4.525E-20 2.449E-20 1.885E-20 1.089E-20 6.209E-21
           8.067E-21 1.270E-20 2.234E-20 1.002E-19 3.069E-19 2.079E-20
N2O    200 1.065E-19 8.370E-20 6.860E-20 5.030E-20 2.101E-20 6.196E-21
           3.137E-21 2.461E-21 3.187E-25 1.033E-23 4.192E-23 0.000E+00
           0.000E+00 0.000E+00 0.000E+00 0.000E+00 0.000E+00 0.000E+00
N2O    300 1.212E-19 9.913E-20 8.348E-20 6.438E-20 3.032E-20 1.110E-20
           6.355E-21 4.604E-21 1.450E-24 4.001E-23 1.193E-22 0.000E+00
           0.000E+00 0.000E+00 0.000E+00 0.000E+00 0.000E+00 0.000E+00
CFCl3  210 2.235E-18 1.654E-18 1.341E-18 9.895E-19 4.775E-19 1.726E-19
           9.677E-20 6.948E-20 3.726E-23 5.742E-22 1.696E-21 0.000E+00
           0.000E+00 0.000E+00 0.000E+00 0.000E+00 0.000E+00 0.000E+00
CFCl3  298 2.235E-18 1.654E-18 1.341E-18 9.895E-19 4.896E-19 2.040E-19
           1.270E-19 9.334E-20 9.773E-23 1.292E-21 2.965E-21 0.000E+00
           0.000E+00 0.000E+00 0.000E+00 0.000E+00 0.000E+00 0.000E+00
CF2Cl2 210 9.761E-19 5.212E-19 3.336E-19 1.523E-19 3.679E-20 5.682E-21
           2.471E-21 5.890E-21 1.860E-25 6.426E-24 2.757E-23 0.000E+00
           0.000E+00 0.000E+00 0.000E+00 0.000E+00 0.000E+00 0.000E+00
CF2Cl2 298 1.011E-18 5.853E-19 4.027E-19 2.183E-19 6.318E-20 1.272E-20
           5.987E-21 8.765E-21 8.059E-25 2.473E-23 8.297E-23 0.000E+00
           0.000E+00 0.000E+00 0.000E+00 0.000E+00 0.000E+00 0.000E+00
F113   210 9.497E-19 5.917E-19 4.254E-19 2.482E-19 7.456E-20 1.707E-20
           8.903E-21 1.083E-20 3.433E-24 5.693E-23 1.547E-22 0.000E+00
           0.000E+00 0.000E+00 0.000E+00 0.000E+00 0.000E+00 0.000E+00
F113   295 9.511E-19 5.959E-19 4.337E-19 2.628E-19 9.316E-20 2.669E-20
           1.447E-20 1.388E-20 6.622E-24 1.039E-22 2.672E-22 0.000E+00
           0.000E+00 0.000E+00 0.000E+00 0.000E+00 0.000E+00 0.000E+00
F114   210 1.201E-19 5.463E-20 3.371E-20 1.594E-20 4.529E-21 9.476E-22
           4.520E-22 6.984E-22 4.735E-26 2.382E-24 6.853E-24 0.000E+00
           0.000E+00 0.000E+00 0.000E+00 0.000E+00 0.000E+00 0.000E+00
F114   298 1.207E-19 5.582E-20 3.519E-20 1.815E-20 5.996E-21 1.606E-21
           8.457E-22 9.362E-22 1.184E-25 5.777E-24 1.539E-23 0.000E+00
           0.000E+00 0.000E+00 0.000E+00 0.000E+00 0.000E+00 0.000E+00
F115   210 6.875E-21 2.992E-21 1.894E-21 1.021E-21 3.543E-22 1.135E-22
           6.099E-23 6.161E-23 0.000E+00 5.814E-25 1.349E-24 0.000E+00
           0.000E+00 0.000E+00 0.000E+00 0.000E+00 0.000E+00 0.000E+00
F115   298 6.875E-21 2.992E-21 1.894E-21 1.021E-21 3.543E-22 1.135E-22
           6.099E-23 6.161E-23 0.000E+00 5.814E-25 1.349E-24 0.000E+00
           0.000E+00 0.000E+00 0.000E+00 0.000E+00 0.000E+00 0.000E+00
CCl4   210 3.700E-18 1.712E-18 1.123E-18 7.233E-19 6.126E-19 4.759E-19
           3.782E-19 2.865E-19 6.520E-22 7.169E-21 1.329E-20 0.000E+00
           0.000E+00 0.000E+00 0.000E+00 0.000E+00 0.000E+00 0.000E+00
CCl4   298 3.700E-18 1.712E-18 1.124E-18 7.237E-19 6.261E-19 5.193E-19
           4.361E-19 3.497E-19 1.542E-21 1.199E-20 1.823E-20 0.000E+00
           0.000E+00 0.000E+00 0.000E+00 0.000E+00 0.000E+00 0.000E+00
CH3Cl  210 2.839E-19 1.304E-19 8.153E-20 3.963E-20 1.112E-20 2.169E-21
           9.976E-22 1.660E-21 1.051E-25 4.276E-24 1.401E-23 0.000E+00
           0.000E+00 0.000E+00 0.000E+00 0.000E+00 0.000E+00 0.000E+00
CH3Cl  298 2.842E-19 1.310E-19 8.252E-20 4.131E-20 1.284E-20 3.138E-21
           1.607E-21 2.031E-21 2.284E-25 9.236E-24 2.797E-23 0.000E+00
           0.000E+00 0.000E+00 0.000E+00 0.000E+00 0.000E+00 0.000E+00
CH3CCl3210 2.720E-18 2.022E-18 1.681E-18 1.340E-18 7.225E-19 3.107E-19
           1.821E-19 1.241E-19 6.301E-23 1.516E-21 3.926E-21 0.000E+00
           0.000E+00 0.000E+00 0.000E+00 0.000E+00 0.000E+00 0.000E+00
CH3CCl3298 2.720E-18 2.022E-18 1.682E-18 1.340E-18 7.436E-19 3.535E-19
           2.234E-19 1.564E-19 2.108E-22 2.590E-21 5.500E-21 0.000E+00
           0.000E+00 0.000E+00 0.000E+00 0.000E+00 0.000E+00 0.000E+00
CH2Cl2 295 1.001E-18 5.807E-19 3.980E-19 2.147E-19 7.135E-20 2.123E-20
           1.194E-20 1.227E-20 7.550E-24 1.014E-22 2.360E-22 0.000E+00
           0.000E+00 0.000E+00 0.000E+00 0.000E+00 0.000E+00 0.000E+00
CH2Cl2 298 1.001E-18 5.807E-19 3.980E-19 2.147E-19 7.135E-20 2.123E-20
           1.194E-20 1.227E-20 7.550E-24 1.014E-22 2.360E-22 0.000E+00
           0.000E+00 0.000E+00 0.000E+00 0.000E+00 0.000E+00 0.000E+00
CHF2Cl 210 7.494E-21 2.752E-21 1.541E-21 6.772E-22 1.908E-22 3.775E-23
           1.836E-23 2.980E-23 0.000E+00 0.000E+00 2.072E-25 0.000E+00
           0.000E+00 0.000E+00 0.000E+00 0.000E+00 0.000E+00 0.000E+00
CHF2Cl 298 7.508E-21 2.783E-21 1.580E-21 7.388E-22 2.371E-22 6.205E-23
           3.498E-23 4.067E-23 0.000E+00 0.000E+00 5.984E-25 0.000E+00
           0.000E+00 0.000E+00 0.000E+00 0.000E+00 0.000E+00 0.000E+00
F123   210 9.477E-19 5.104E-19 3.413E-19 1.845E-19 6.084E-20 1.632E-20
           8.820E-21 9.596E-21 4.462E-24 6.962E-23 1.708E-22 0.000E+00
           0.000E+00 0.000E+00 0.000E+00 0.000E+00 0.000E+00 0.000E+00
F123   295 1.036E-18 6.020E-19 4.220E-19 2.466E-19 8.890E-20 2.668E-20
           1.501E-20 1.435E-20 1.189E-23 1.412E-22 3.164E-22 0.000E+00
           0.000E+00 0.000E+00 0.000E+00 0.000E+00 0.000E+00 0.000E+00
F141b  210 1.070E-18 7.020E-19 5.165E-19 3.064E-19 1.026E-19 2.588E-20
           1.298E-20 1.430E-20 2.940E-24 6.901E-23 2.167E-22 0.000E+00
           0.000E+00 0.000E+00 0.000E+00 0.000E+00 0.000E+00 0.000E+00
F141b  298 1.126E-18 7.473E-19 5.560E-19 3.445E-19 1.219E-19 3.311E-20
           1.749E-20 1.724E-20 4.901E-24 1.135E-22 3.115E-22 0.000E+00
           0.000E+00 0.000E+00 0.000E+00 0.000E+00 0.000E+00 0.000E+00
F142b  210 2.300E-20 8.701E-21 4.892E-21 2.158E-21 6.225E-22 1.325E-22
           6.412E-23 9.552E-23 0.000E+00 1.808E-25 8.567E-25 0.000E+00
           0.000E+00 0.000E+00 0.000E+00 0.000E+00 0.000E+00 0.000E+00
F142b  298 2.842E-20 1.175E-20 6.994E-21 3.378E-21 1.063E-21 2.568E-22
           1.309E-22 1.599E-22 0.000E+00 4.680E-25 1.974E-24 0.000E+00
           0.000E+00 0.000E+00 0.000E+00 0.000E+00 0.000E+00 0.000E+00
CH3Br  210 1.088E-18 5.032E-19 5.880E-19 6.974E-19 7.649E-19 6.880E-19
           6.102E-19 5.213E-19 6.091E-21 3.141E-20 3.384E-20 0.000E+00
           0.000E+00 0.000E+00 0.000E+00 0.000E+00 0.000E+00 0.000E+00
CH3Br  296 1.088E-18 5.032E-19 5.880E-19 6.974E-19 7.710E-19 7.004E-19
           6.238E-19 5.365E-19 7.709E-21 3.416E-20 3.537E-20 0.000E+00
           0.000E+00 0.000E+00 0.000E+00 0.000E+00 0.000E+00 0.000E+00
H1211  210 5.525E-19 6.381E-19 7.586E-19 9.286E-19 1.221E-18 1.287E-18
           1.221E-18 1.107E-18 2.880E-20 8.647E-20 7.900E-20 2.574E-23
           6.500E-24 2.067E-24 7.281E-25 6.002E-28 0.000E+00 0.000E+00
H1211  298 5.083E-19 5.769E-19 6.841E-19 8.288E-19 1.109E-18 1.171E-18
           1.110E-18 1.002E-18 3.538E-20 8.341E-20 7.245E-20 1.035E-22
           2.614E-23 8.312E-24 2.928E-24 2.414E-27 0.000E+00 0.000E+00
H1301  210 6.008E-20 8.104E-20 9.353E-20 1.082E-19 1.320E-19 1.358E-19
           1.256E-19 1.096E-19 7.435E-22 5.808E-21 7.096E-21 1.158E-25
           7.298E-27 0.000E+00 0.000E+00 0.000E+00 0.000E+00 0.000E+00
H1301  298 5.456E-20 7.322E-20 8.413E-20 9.672E-20 1.181E-19 1.235E-19
           1.170E-19 1.049E-19 1.371E-21 6.950E-21 7.252E-21 3.859E-25
           2.432E-26 0.000E+00 0.000E+00 0.000E+00 0.000E+00 0.000E+00
H2402  210 1.120E-18 1.230E-18 1.268E-18 1.303E-18 1.288E-18 1.169E-18
           1.064E-18 9.203E-19 2.046E-20 7.238E-20 6.550E-20 1.609E-23
           4.515E-24 1.715E-24 8.065E-25 8.505E-28 0.000E+00 0.000E+00
H2402  298 1.023E-18 1.133E-18 1.175E-18 1.220E-18 1.211E-18 1.098E-18
           1.004E-18 8.982E-19 2.561E-20 7.202E-20 6.334E-20 4.022E-23
           1.129E-23 4.288E-24 2.016E-24 2.126E-27 0.000E+00 0.000E+00
CH2Br2 210 1.959E-18 1.953E-18 2.050E-18 2.218E-18 2.152E-18 2.272E-18
           2.588E-18 3.086E-18 1.541E-19 4.674E-19 3.038E-19 7.403E-23
           4.852E-24 0.000E+00 0.000E+00 0.000E+00 0.000E+00 0.000E+00
CH2Br2 298 1.985E-18 1.979E-18 2.078E-18 2.248E-18 2.209E-18 2.274E-18
           2.409E-18 2.573E-18 1.722E-19 3.733E-19 2.365E-19 2.590E-22
           2.022E-23 0.000E+00 0.000E+00 0.000E+00 0.000E+00 0.000E+00
CHBr3  210 5.582E-18 4.311E-18 4.041E-18 3.938E-18 4.623E-18 4.751E-18
           5.084E-18 5.538E-18 7.770E-19 9.248E-19 5.607E-19 7.371E-21
           1.884E-21 5.808E-22 2.106E-22 2.441E-23 2.035E-25 0.000E+00
CHBr3  296 5.645E-18 4.311E-18 3.957E-18 3.752E-18 4.281E-18 4.543E-18
           4.825E-18 5.242E-18 8.941E-19 9.054E-19 5.341E-19 1.628E-20
           4.870E-21 1.707E-21 7.074E-22 9.311E-23 9.691E-25 0.000E+00
CH3I   210 0.000E+00 0.000E+00 0.000E+00 0.000E+00 0.000E+00 0.000E+00
           3.728E-20 4.774E-20 8.199E-19 2.010E-19 6.431E-20 2.781E-20
           8.253E-21 3.557E-21 1.826E-21 3.437E-22 2.347E-24 0.000E+00
CH3I   298 0.000E+00 0.000E+00 0.000E+00 0.000E+00 0.000E+00 0.000E+00
           3.728E-20 4.774E-20 8.383E-19 2.430E-19 9.306E-20 4.648E-20
           1.511E-20 6.466E-21 3.293E-21 6.699E-22 9.781E-24 0.000E+00
CF3I   210 7.810E-21 3.897E-21 2.406E-21 1.654E-21 1.770E-21 2.843E-21
           4.166E-21 6.218E-21 5.767E-19 3.647E-19 2.023E-19 1.225E-19
           4.277E-20 1.644E-20 7.396E-21 1.169E-21 1.219E-23 0.000E+00
CF3I   300 7.810E-21 3.897E-21 2.406E-21 1.654E-21 1.770E-21 2.843E-21
           4.166E-21 6.218E-21 5.173E-19 3.550E-19 2.274E-19 1.541E-19
           6.499E-20 2.943E-20 1.453E-20 2.580E-21 3.848E-23 0.000E+00
OCS    225 2.886E-20 2.996E-20 2.915E-20 2.338E-20 6.033E-20 1.226E-19
           1.688E-19 2.184E-19 1.003E-20 4.131E-20 2.415E-20 9.441E-25
           0.000E+00 0.000E+00 0.000E+00 0.000E+00 0.000E+00 0.000E+00
OCS    295 4.075E-20 4.032E-20 3.634E-20 2.433E-20 5.993E-20 1.216E-19
           1.685E-19 2.189E-19 1.389E-20 4.620E-20 2.468E-20 3.027E-24
           0.000E+00 0.000E+00 0.000E+00 0.000E+00 0.000E+00 0.000E+00
PAN    250 2.687E-19 7.661E-19 1.399E-18 2.529E-18 2.977E-18 2.201E-18
           1.765E-18 1.322E-18 6.565E-20 9.407E-20 8.486E-20 2.438E-21
           9.252E-22 4.355E-22 2.288E-22 5.480E-23 6.941E-25 0.000E+00
PAN    298 2.951E-19 8.392E-19 1.520E-18 2.757E-18 3.144E-18 2.279E-18
           1.834E-18 1.385E-18 7.911E-20 1.056E-19 9.185E-20 3.555E-21
           1.399E-21 6.750E-22 3.627E-22 9.257E-23 1.265E-24 0.000E+00
CH3NO3 240 0.000E+00 0.000E+00 0.000E+00 0.000E+00 0.000E+00 0.000E+00
           0.000E+00 0.000E+00 2.337E-20 1.004E-20 6.638E-21 4.679E-21
           2.022E-21 9.381E-22 3.730E-22 3.755E-23 0.000E+00 0.000E+00
CH3NO3 298 0.000E+00 0.000E+00 0.000E+00 0.000E+00 0.000E+00 0.000E+00
           0.000E+00 0.000E+00 2.788E-20 1.233E-20 8.359E-21 6.029E-21
           2.735E-21 1.346E-21 5.734E-22 6.957E-23 0.000E+00 0.000E+00
ActAld 297 0.000E+00 0.000E+00 2.422E-23 0.000E+00 3.974E-22 5.086E-22
           4.875E-22 4.794E-22 1.893E-20 2.310E-20 2.384E-20 2.161E-20
           1.460E-20 8.410E-21 3.335E-21 1.751E-22 0.000E+00 0.000E+00
ActAld 298 0.000E+00 0.000E+00 2.422E-23 0.000E+00 3.974E-22 5.086E-22
           4.875E-22 4.794E-22 1.893E-20 2.310E-20 2.384E-20 2.161E-20
           1.460E-20 8.410E-21 3.335E-21 1.751E-22 0.000E+00 0.000E+00
MeVK   297 0.000E+00 0.000E+00 0.000E+00 0.000E+00 0.000E+00 0.000E+00
           0.000E+00 0.000E+00 8.241E-22 2.211E-21 3.811E-21 5.521E-21
           7.955E-21 8.828E-21 7.236E-21 3.374E-21 1.790E-22 0.000E+00
MeVK   298 0.000E+00 0.000E+00 0.000E+00 0.000E+00 0.000E+00 0.000E+00
           0.000E+00 0.000E+00 8.241E-22 2.211E-21 3.811E-21 5.521E-21
           7.955E-21 8.828E-21 7.236E-21 3.374E-21 1.790E-22 0.000E+00
MeAcr  297 0.000E+00 0.000E+00 0.000E+00 0.000E+00 0.000E+00 0.000E+00
           0.000E+00 0.000E+00 2.398E-23 7.595E-23 1.398E-22 2.107E-22
           3.151E-22 3.995E-22 4.742E-22 5.222E-22 1.064E-22 0.000E+00
MeAcr  298 0.000E+00 0.000E+00 0.000E+00 0.000E+00 0.000E+00 0.000E+00
           0.000E+00 0.000E+00 2.398E-23 7.595E-23 1.398E-22 2.107E-22
           3.151E-22 3.995E-22 4.742E-22 5.222E-22 1.064E-22 0.000E+00
GlyAld 297 0.000E+00 0.000E+00 0.000E+00 0.000E+00 8.443E-20 1.829E-19
           1.143E-19 6.872E-20 3.025E-20 3.387E-20 3.392E-20 2.784E-20
           1.706E-20 9.411E-21 4.388E-21 4.937E-22 0.000E+00 0.000E+00
GlyAld 298 0.000E+00 0.000E+00 0.000E+00 0.000E+00 8.443E-20 1.829E-19
           1.143E-19 6.872E-20 3.025E-20 3.387E-20 3.392E-20 2.784E-20
           1.706E-20 9.411E-21 4.388E-21 4.937E-22 0.000E+00 0.000E+00
MEKeto 297 0.000E+00 0.000E+00 5.903E-22 0.000E+00 5.952E-21 1.749E-21
           1.668E-21 1.837E-21 4.246E-20 4.757E-20 4.604E-20 4.170E-20
           2.684E-20 1.570E-20 7.721E-21 8.142E-22 3.734E-25 0.000E+00
MEKeto 298 0.000E+00 0.000E+00 5.903E-22 0.000E+00 5.952E-21 1.749E-21
           1.668E-21 1.837E-21 4.246E-20 4.757E-20 4.604E-20 4.170E-20
           2.684E-20 1.570E-20 7.721E-21 8.142E-22 3.734E-25 0.000E+00
EAld   297 0.000E+00 0.000E+00 2.124E-23 0.000E+00 3.576E-22 5.328E-22
           6.036E-22 6.848E-22 2.982E-20 4.517E-20 5.121E-20 5.548E-20
           4.630E-20 3.578E-20 2.441E-20 5.853E-21 1.257E-23 0.000E+00
EAld   298 0.000E+00 0.000E+00 2.124E-23 0.000E+00 3.576E-22 5.328E-22
           6.036E-22 6.848E-22 2.982E-20 4.517E-20 5.121E-20 5.548E-20
           4.630E-20 3.578E-20 2.441E-20 5.853E-21 1.257E-23 0.000E+00
MGlyxl 297 0.000E+00 0.000E+00 0.000E+00 0.000E+00 0.000E+00 0.000E+00
           0.000E+00 0.000E+00 3.483E-20 4.131E-20 4.375E-20 4.384E-20
           3.465E-20 2.428E-20 1.788E-20 6.194E-21 2.237E-20 1.435E-21
MGlyxl 298 0.000E+00 0.000E+00 0.000E+00 0.000E+00 0.000E+00 0.000E+00
           0.000E+00 0.000E+00 3.483E-20 4.131E-20 4.375E-20 4.384E-20
           3.465E-20 2.428E-20 1.788E-20 6.194E-21 2.237E-20 1.435E-21
Glyxla 297 0.000E+00 0.000E+00 0.000E+00 0.000E+00 0.000E+00 0.000E+00
           0.000E+00 0.000E+00 6.833E-21 1.009E-20 1.174E-20 1.333E-20
           1.238E-20 1.117E-20 8.335E-21 2.625E-21 0.000E+00 0.000E+00
Glyxla 298 0.000E+00 0.000E+00 0.000E+00 0.000E+00 0.000E+00 0.000E+00
           0.000E+00 0.000E+00 6.833E-21 1.009E-20 1.174E-20 1.333E-20
           1.238E-20 1.117E-20 8.335E-21 2.625E-21 0.000E+00 0.000E+00
Glyxlb 297 0.000E+00 0.000E+00 0.000E+00 0.000E+00 0.000E+00 0.000E+00
           0.000E+00 0.000E+00 0.000E+00 0.000E+00 0.000E+00 0.000E+00
           0.000E+00 0.000E+00 0.000E+00 0.000E+00 5.914E-22 2.199E-22
Glyxlb 298 0.000E+00 0.000E+00 0.000E+00 0.000E+00 0.000E+00 0.000E+00
           0.000E+00 0.000E+00 0.000E+00 0.000E+00 0.000E+00 0.000E+00
           0.000E+00 0.000E+00 0.000E+00 0.000E+00 5.914E-22 2.199E-22
XXXX   299 0.000E+00 0.000E+00 0.000E+00 0.000E+00 0.000E+00 0.000E+00
           0.000E+00 0.000E+00 0.000E+00 0.000E+00 0.000E+00 0.000E+00
           0.000E+00 0.000E+00 0.000E+00 0.000E+00 0.000E+00 0.000E+00
XXXX   300 0.000E+00 0.000E+00 0.000E+00 0.000E+00 0.000E+00 0.000E+00
           0.000E+00 0.000E+00 0.000E+00 0.000E+00 0.000E+00 0.000E+00
           0.000E+00 0.000E+00 0.000E+00 0.000E+00 0.000E+00 0.000E+00
C3H6O  220 0.000E+00 0.000E+00 0.000E+00 0.000E+00 0.000E+00 0.000E+00
           0.000E+00 0.000E+00 3.819E-20 3.809E-20 3.492E-20 3.100E-20
           1.944E-20 1.088E-20 5.532E-21 4.637E-22 3.425E-25 0.000E+00
C3H6O  300 0.000E+00 0.000E+00 0.000E+00 0.000E+00 0.000E+00 0.000E+00
           0.000E+00 0.000E+00 3.851E-20 4.004E-20 3.775E-20 3.439E-20
           2.255E-20 1.356E-20 7.273E-21 8.481E-22 6.682E-25 0.000E+00
Q2-Acet240 3.000E-02 3.000E-02 3.000E-02 3.000E-02 3.000E-02 3.000E-02
           3.000E-02 3.000E-02 3.000E-02 2.380E-02 1.144E-02 5.156E-03
           1.931E-03 8.022E-04 4.144E-04 4.156E-05 0.000E+00 0.000E+00
Q2-Acet300 2.000E-01 2.000E-01 2.000E-01 2.000E-01 2.000E-01 2.000E-01
           2.000E-01 2.000E-01 2.000E-01 1.790E-01 1.250E-01 8.564E-02
           5.100E-02 3.298E-02 2.214E-02 3.533E-03 0.000E+00 0.000E+00
Q1A-Ace240 1.000E+00 1.000E+00 1.000E+00 1.000E+00 1.000E+00 1.000E+00
           1.000E+00 1.000E+00 1.000E+00 1.000E+00 1.000E+00 1.000E+00
           1.207E+00 4.133E+00 2.498E+01 9.452E+01 1.000E+02 1.000E+02
Q1A-Ace300 1.000E+00 1.000E+00 1.000E+00 1.000E+00 1.000E+00 1.000E+00
           1.000E+00 1.000E+00 1.000E+00 1.000E+00 1.000E+00 1.006E+00
           1.223E+00 2.411E+00 6.656E+00 1.969E+01 2.100E+01 2.100E+01
Q1B-Ace240 0.000E+00 0.000E+00 0.000E+00 0.000E+00 0.000E+00 0.000E+00
           0.000E+00 0.000E+00 0.000E+00 2.447E-02 1.841E-01 1.028E+00
           1.066E+01 5.202E+01 2.632E+02 2.760E+03 3.210E+03 3.210E+03
Q1B-Ace300 0.000E+00 0.000E+00 0.000E+00 0.000E+00 0.000E+00 0.000E+00
           0.000E+00 0.000E+00 0.000E+00 4.987E-02 2.454E-01 8.792E-01
           4.897E+00 1.617E+01 5.268E+01 3.023E+02 3.420E+02 3.420E+02
