30 (JX_spec.dat)  scattering phase fns (NEW v-6.1 mjp 4/07 see notes at end)
ATAU   250     1.120     0.010  CLOUD-top sub-layers: max#, factor, min dtau
w(nm)   Q   ss-alb  pi(1) pi(2) pi(3) pi(4) pi(5) pi(6) pi(7)
01 RAYLEIGH Rayleigh phase 1/w^4                  reff=2142.___G=1.000_rho=1000. 
 200  2.102 1.0000   0.0 0.500   0.0   0.0   0.0   0.0   0.0  
 300  .3360 1.0000   0.0 0.500   0.0   0.0   0.0   0.0   0.0  
 400  .1000 1.0000   0.0 0.500   0.0   0.0   0.0   0.0   0.0  
 600  .0190 1.0000   0.0 0.500   0.0   0.0   0.0   0.0   0.0  
 999 .00242 1.0000   0.0 0.500   0.0   0.0   0.0   0.0   0.0  
02 ISOTROPIC                                      reff=0.150___G=1.000_rho=1.000 
 200    1.0 1.0000   0.0   0.0   0.0   0.0   0.0   0.0   0.0 
 300    1.0 1.0000   0.0   0.0   0.0   0.0   0.0   0.0   0.0 
 400    1.0 1.0000   0.0   0.0   0.0   0.0   0.0   0.0   0.0 
 600    1.0 1.0000   0.0   0.0   0.0   0.0   0.0   0.0   0.0 
 999    1.0 1.0000   0.0   0.0   0.0   0.0   0.0   0.0   0.0 
03 ABSORBING                                      reff=0.150___G=1.000_rho=1.000 
 200    1.0 0.0000   0.0   0.0   0.0   0.0   0.0   0.0   0.0 
 300    1.0 0.0000   0.0   0.0   0.0   0.0   0.0   0.0   0.0 
 400    1.0 0.0000   0.0   0.0   0.0   0.0   0.0   0.0   0.0 
 600    1.0 0.0000   0.0   0.0   0.0   0.0   0.0   0.0   0.0 
 999    1.0 0.0000   0.0   0.0   0.0   0.0   0.0   0.0   0.0 
04 W_H01   (H1/Deir)GAMMA:r-m=0.1/alf=2 n=1.335   reff=0.250___G=.0940_rho=1.000
 200 2.8983 1.0000 2.399 3.372 3.681 3.789 3.705 3.551 3.340
 300 2.8438 1.0000 2.454 3.376 3.624 3.608 3.300 2.911 2.526
 400 2.3497 1.0000 2.431 3.235 3.355 3.108 2.686 2.180 1.690
 600 1.4037 1.0000 2.328 2.789 2.593 2.062 1.492 1.013 0.632
 999 0.5034 1.0000 1.916 1.870 1.233 0.704 0.338 0.154 0.062
05 W_H04   (H1/Deir)GAMMA:r-m=0.4/alf=2 n=1.335   reff=1.000___G=1.508_rho=1.000
 200 2.2550 1.0000 2.462 3.730 4.305 4.935 5.430 5.923 6.449
 300 2.2995 1.0000 2.433 3.625 4.104 4.645 5.020 5.409 5.802
 400 2.4743 1.0000 2.341 3.475 3.863 4.330 4.589 4.878 5.125
 600 2.6719 1.0000 2.325 3.334 3.624 3.896 3.939 3.968 3.964
 999 2.9565 1.0000 2.434 3.393 3.685 3.709 3.528 3.213 2.903
06 W_H40   (H1/Deir)GAMMA:r-m=4.0/alf=2 n=1.335   reff=10.00___G=146.4_rho=1.000
 200 2.0493 1.0000 2.623 4.019 4.809 5.487 6.248 6.890 7.808
 300 2.0642 1.0000 2.611 3.999 4.772 5.451 6.196 6.829 7.720
 400 2.0785 1.0000 2.598 3.978 4.734 5.415 6.145 6.771 7.636
 600 2.1045 1.0000 2.577 3.942 4.669 5.347 6.051 6.661 7.483
 999 2.1478 1.0000 2.540 3.875 4.551 5.223 5.877 6.458 7.197
07 W_C02   (C1/Deir)GAMMA:r-m=2.0/alf=6 n=1.335   reff=3.000___G=19.55_rho=1.000
 200 2.1066 1.0000 2.571 3.936 4.659 5.342 6.051 6.664 7.485
 300 2.1410 1.0000 2.544 3.886 4.572 5.256 5.933 6.530 7.291
 400 2.1778 1.0000 2.513 3.834 4.480 5.160 5.785 6.356 7.044
 600 2.2287 1.0000 2.483 3.767 4.359 4.998 5.542 6.054 6.639
 999 2.3071 1.0000 2.395 3.597 4.063 4.648 5.052 5.478 5.857
08 W_C04   (C1/Deir)GAMMA:r-m=4.0/alf=6 n=1.335   reff=6.000___G=78.19_rho=1.000
 200 2.0650 1.0000 2.610 3.998 4.771 5.450 6.196 6.829 7.721
 300 2.0835 1.0000 2.596 3.973 4.725 5.406 6.129 6.751 7.607
 400 2.1064 1.0000 2.571 3.936 4.660 5.345 6.056 6.670 7.492
 600 2.1345 1.0000 2.557 3.902 4.596 5.263 5.923 6.507 7.267
 999 2.1922 1.0000 2.499 3.799 4.418 5.081 5.667 6.213 6.851
09 W_C08   (C1/Deir)GAMMA:r-m=8.0/alf=2 n=1.335   reff=12.00___G=301.1_rho=1.000
 200 2.0410 1.0000 2.629 4.030 4.830 5.508 6.277 6.923 7.854
 300 2.0539 1.0000 2.619 4.013 4.798 5.476 6.232 6.870 7.780
 400 2.0643 1.0000 2.611 3.999 4.773 5.451 6.194 6.826 7.716
 600 2.0883 1.0000 2.589 3.965 4.712 5.394 6.121 6.744 7.599
 999 2.1236 1.0000 2.563 3.917 4.625 5.302 5.992 6.593 7.385
10 W_C13   (C1/Deir)GAMMA:r-m=13./alf=2 n=1.335   reff=20.00___G=472.9_rho=1.000
 200 2.0336 1.0000 2.636 4.041 4.851 5.530 6.307 6.959 7.904
 300 2.0440 1.0000 2.627 4.026 4.822 5.499 6.264 6.907 7.833
 400 2.0529 1.0000 2.620 4.014 4.800 5.477 6.234 6.872 7.783
 600 2.0716 1.0000 2.604 3.990 4.755 5.435 6.178 6.807 7.690
 999 2.0978 1.0000 2.585 3.955 4.691 5.368 6.077 6.688 7.520
11 W_L06   (W/Lacis)GAMMA:r-m=5.5/alf=11/3        reff=10.00___G=183.9_rho=1.000
 200 2.0473 1.0000 2.624 4.022 4.815 5.492 6.255 6.897 7.819
 300 2.0616 1.0000 2.613 4.002 4.779 5.458 6.205 6.839 7.735
 400 2.0747 1.0000 2.601 3.984 4.745 5.425 6.158 6.785 7.657
 600 2.1005 1.0000 2.580 3.947 4.679 5.359 6.070 6.684 7.514
 999 2.1423 1.0000 2.545 3.884 4.568 5.244 5.909 6.496 7.250
12 Ice-Hexagonal (Mishchencko)                    reff=50.00___G=999.9_rho=0.917
 200 2.0000 1.0000 2.435 3.712 4.756 5.960 6.908 7.865 8.954
 300 2.0000 1.0000 2.435 3.712 4.756 5.960 6.908 7.865 8.954
 400 2.0000 1.0000 2.435 3.712 4.756 5.960 6.908 7.865 8.954
 600 2.0000 1.0000 2.435 3.712 4.756 5.960 6.908 7.865 8.954
 999 2.0000 1.0000 2.435 3.712 4.756 5.960 6.908 7.865 8.954
13 Ice-Irregular (Mishchencko)                    reff=50.00___G=999.9_rho=0.917
 200 2.0000 1.0000 2.257 3.164 4.096 5.088 6.018 6.897 7.794
 300 2.0000 1.0000 2.257 3.164 4.096 5.088 6.018 6.897 7.794
 400 2.0000 1.0000 2.257 3.164 4.096 5.088 6.018 6.897 7.794
 600 2.0000 1.0000 2.257 3.164 4.096 5.088 6.018 6.897 7.794
 999 2.0000 1.0000 2.257 3.164 4.096 5.088 6.018 6.897 7.794
14 S-Bkg   LOGN:r=.090 s=.600 n=1.514/.../1.435   reff=0.221___G=.0523_rho=1.630
 200 2.8513 1.0000 2.043 2.738 2.602 2.740 2.490 2.434 2.239
 300 2.7872 1.0000 2.130 2.726 2.564 2.403 2.046 1.756 1.484
 400 2.3981 1.0000 2.148 2.644 2.426 2.126 1.713 1.361 1.073
 600 1.5960 1.0000 2.094 2.409 2.067 1.650 1.215 0.876 0.623
 999 0.6808 1.0000 1.900 1.966 1.467 1.020 0.653 0.417 0.259
15 S-Vol   LOGN:r=.080 s=.800 n=1.514/.../1.435   reff=0.386___G=.0721_rho=1.630
 200 2.5935 1.0000 2.092 2.914 2.880 3.295 3.185 3.430 3.379
 300 2.6669 1.0000 2.121 2.861 2.792 2.936 2.733 2.703 2.568
 400 2.5588 1.0000 2.144 2.813 2.711 2.695 2.425 2.257 2.069
 600 2.1893 1.0000 2.149 2.713 2.547 2.362 2.018 1.740 1.499
 999 1.4540 1.0000 2.118 2.537 2.277 1.951 1.555 1.229 0.972
16 UT-sulfate LOGN:r=0.05 s=.693 n=1.44           reff=0.166___G=.0205_rho=1.769
 200 2.6077 1.0000 2.184 2.844 2.752 2.646 2.333 2.074 1.836
 300 2.1375 1.0000 2.165 2.685 2.493 2.224 1.832 1.498 1.224
 400 1.6727 1.0000 2.126 2.534 2.262 1.911 1.496 1.156 0.891
 600 1.0093 1.0000 2.024 2.262 1.874 1.458 1.053 0.753 0.533
 999 0.4118 1.0000 1.810 1.846 1.340 0.923 0.593 0.383 0.243 
17 UT-sulfate LOGN:r=0.05 s=.693 n=1.46           reff=0.166___G=.0205_rho=1.769
 200 2.6482 1.0000 2.145 2.778 2.652 2.553 2.236 1.997 1.76
 300 2.2061 1.0000 2.129 2.621 2.399 2.131 1.741 1.424 1.15
 400 1.7456 1.0000 2.093 2.473 2.177 1.827 1.417 1.092 0.83
 600 1.0694 1.0000 1.997 2.210 1.806 1.393 0.996 0.708 0.49
 999 0.4429 1.0000 1.792 1.811 1.298 0.885 0.562 0.360 0.22
18 UM-SULFate LOGN:r=.050 s=.642 n=1.53           reff=0.140___G=.0179_rho=1.769
 200 2.7571 1.0000 2.018 2.518 2.263 2.114 1.746 1.526 1.267
 300 2.2755 1.0000 2.002 2.337 1.993 1.678 1.278 0.999 0.752
 400 1.7509 1.0000 1.958 2.169 1.756 1.369 0.974 0.706 0.491
 600 1.0091 1.0000 1.844 1.881 1.383 0.966 0.618 0.405 0.252
 999 0.3735 1.0000 1.601 1.476 0.910 0.543 0.298 0.171 0.092
19 UM-BC1     LOGN:r=.050 s=.642 n=1.80+0.50i     reff=0.140___G=.0179_rho=1.500
 200 2.6373 0.4740 2.291 2.995 3.222 3.163 2.949 2.668 2.364
 300 2.5527 0.4559 2.087 2.446 2.342 2.052 1.714 1.403 1.131
 400 2.3632 0.4383 1.920 2.067 1.792 1.430 1.090 0.823 0.614
 600 1.9166 0.4022 1.666 1.597 1.174 0.807 0.531 0.353 0.234
 999 1.2247 0.3319 1.333 1.144 0.651 0.361 0.192 0.107 0.060
20 UM-BC2     LOGN:r=.080 s=.501 n=1.80+0.50i     reff=0.150___G=.0332_rho=1.500
 200 2.6725 0.4796 2.385 3.244 3.602 3.603 3.381 3.037 2.643
 300 2.7145 0.4660 2.176 2.614 2.535 2.201 1.787 1.397 1.060
 400 2.6092 0.4522 1.987 2.137 1.832 1.403 1.001 0.695 0.468
 600 2.1953 0.4173 1.675 1.533 1.059 0.659 0.378 0.216 0.120
 999 1.3929 0.3372 1.242 0.992 0.477 0.216 0.089 0.038 0.016
21 UM-BB08 (%BC)LOGN:r=.080 s=.500 n=1.552+0.04i  reff=0.149___G=.0331_rho=1.230
 200 2.9853 0.7787 2.199 2.772 2.759 2.596 2.303 1.980 1.672
 300 2.7034 0.8202 2.132 2.471 2.226 1.825 1.409 1.047 0.763
 400 2.1718 0.8301 2.047 2.204 1.814 1.341 0.925 0.618 0.400
 600 1.2795 0.8191 1.851 1.762 1.224 0.766 0.440 0.251 0.136
 999 0.4738 0.7554 1.457 1.209 0.616 0.294 0.127 0.058 0.025
22 UM-FF04 (%BC) LOGN:r=.050 s=.642 n=1.541+0.02i reff=0.140___G=.0179_rho=1.212
 200 2.7363 0.8680 2.112 2.600 2.457 2.267 1.953 1.689 1.434
 300 2.2854 0.8903 2.058 2.369 2.080 1.732 1.353 1.053 0.808
 400 1.7867 0.8968 1.995 2.179 1.797 1.388 1.006 0.727 0.515
 600 1.0629 0.8936 1.860 1.873 1.387 0.959 0.621 0.404 0.256
 999 0.4193 0.8646 1.602 1.459 0.899 0.530 0.291 0.166 0.090
23 UM-FF10 (%BC)LOGN:r=.050 s=.642 n=1.557+0.05i  reff=0.140___G=.0179_rho=1.230
 200 2.7087 0.7472 2.198 2.703 2.664 2.469 2.191 1.903 1.639
 300 2.2992 0.7773 2.109 2.410 2.169 1.806 1.441 1.127 0.878
 400 1.8365 0.7849 2.027 2.191 1.837 1.415 1.042 0.755 0.543
 600 1.1386 0.7756 1.872 1.860 1.386 0.951 0.621 0.403 0.259
 999 0.4850 0.7225 1.597 1.436 0.882 0.512 0.282 0.159 0.088
24 MDust.15  (R.V. Martin generated phase fns)    reff=0.150___G=1.000_rho=2.600
 200 3.0039  0.884 2.030 2.363 2.082 1.710 1.290 0.941 0.638
 300 3.0039  0.884 2.030 2.363 2.082 1.710 1.290 0.941 0.638
 400 2.4763  0.937 1.988 2.151 1.735 1.248 0.809 0.503 0.279
 600 1.2768  0.979 1.816 1.675 1.075 0.604 0.281 0.132 0.049
 999 0.3595  0.958 1.320 0.994 0.377 0.126 0.031 0.008 0.001
25 MDust.25  (R.V. Martin generated phase fns)    reff=0.250___G=1.000_rho=2.600
 200 2.9406  0.820 2.046 2.643 2.593 2.634 2.406 2.244 1.944
 300 2.9406  0.820 2.046 2.643 2.593 2.634 2.406 2.244 1.944
 400 3.1046  0.913 2.021 2.486 2.264 2.047 1.671 1.362 1.039
 600 2.6144  0.980 2.026 2.296 1.926 1.470 1.013 0.668 0.403
 999 1.2426  0.974 1.824 1.689 1.087 0.611 0.286 0.134 0.050
26 MDust.40  (R.V. Martin generated phase fns)    reff=0.400___G=1.000_rho=2.600
 200 2.6069  0.739 2.192 3.070 3.393 3.903 4.021 4.248 4.168
 300 2.6069  0.739 2.192 3.070 3.393 3.903 4.021 4.248 4.168
 400 2.8244  0.860 2.027 2.711 2.679 2.900 2.734 2.723 2.478
 600 3.1156  0.971 2.017 2.537 2.306 2.136 1.761 1.466 1.151
 999 2.4773  0.975 2.036 2.286 1.903 1.428 0.966 0.623 0.368
27 MDust.80  (R.V. Martin generated phase fns)    reff=0.800___G=1.000_rho=2.600
 200 2.3457  0.640 2.517 3.780 4.729 5.755 6.524 7.339 7.903
 300 2.3457  0.640 2.517 3.780 4.729 5.755 6.524 7.339 7.903
 400 2.4344  0.763 2.295 3.320 3.800 4.578 4.913 5.482 5.662
 600 2.6416  0.936 2.023 2.830 2.805 3.279 3.178 3.418 3.275
 999 3.0396  0.957 2.019 2.618 2.441 2.414 2.106 1.895 1.610
28 MDust1.5  (R.V. Martin generated phase fns)    reff=1.500___G=1.000_rho=2.600
 200 2.2228  0.579 2.705 4.250 5.641 7.023 8.293 9.53910.662
 300 2.2228  0.579 2.705 4.250 5.641 7.023 8.293 9.53910.662
 400 2.2732  0.676 2.539 3.821 4.771 5.881 6.738 7.733 8.463
 600 2.3707  0.890 2.240 3.259 3.544 4.375 4.592 5.292 5.471
 999 2.5751  0.913 2.083 2.944 3.008 3.555 3.538 3.852 3.789
29 MDust2.5  (R.V. Martin generated phase fns)    reff=2.500___G=1.000_rho=2.600
 200 2.1579  0.556 2.780 4.476 6.085 7.664 9.18610.67312.096
 300 2.1579  0.556 2.780 4.476 6.085 7.664 9.18610.67312.096
 400 2.1923  0.616 2.678 4.164 5.458 6.813 8.046 9.32510.461
 600 2.2560  0.842 2.391 3.526 4.044 5.035 5.527 6.483 6.961
 999 2.3716  0.869 2.268 3.300 3.634 4.458 4.720 5.401 5.624
30 MDust4.0  (R.V. Martin generated phase fns)    reff=4.000___G=1.000_rho=2.600
 200 2.1154  0.550 2.809 4.574 6.281 7.960 9.60711.22412.806
 300 2.1154  0.550 2.809 4.574 6.281 7.960 9.60711.22412.806
 400 2.1402  0.577 2.761 4.405 5.941 7.485 8.97410.46211.878
 600 2.1852  0.786 2.505 3.744 4.488 5.599 6.354 7.485 8.238
 999 2.2637  0.819 2.413 3.563 4.133 5.118 5.652 6.582 7.097
============================================================================

With v-6.1, the format of this scattering data set has been changed.
A new 200-nm line has been added (to do Pinatubo in the stratosphere) and 
for 6.1, the entries for r-eff, Q-ext, and rho(density) are in the title line.
Entries have been re-ordered to put CLOUDS first: 4 through 
------
01 RAYLEIGH Rayleigh phase 1/w^4
02 ISOTROPIC                    
03 ABSORBING
------
CLOUDS    H1 is Deirmendjian's Haze #1, C1 is the water cloud #1
------
04 W_H01 (H1/Deirm.)GAMMA:r-mode=0.1/alfa=2 r=.25 s=.20 n=1.335 ref=0.25 G=.094
05 W_H04 (H1/Deirm.)GAMMA:r-mode=0.4/alfa=2 r=1.0 s=.20 n=1.335 ref=1.00 G=1.51
06 W_H40 (H1/Deir)GAMMA:r-m=4.0/alf=2 n=1.335     reff=10.00___G=146.4_rho=1.000
07 W_C02 (C1/Deirm.)GAMMA:r-mode=2.0/alfa=6 r=3.0 s=.111n=1.335 ref=3.0 G=19.5
08 W_C04 (C1/Deirm.)GAMMA:r-mode=4.0/alfa=6 r=6.0 s=.111n=1.335 ref=6.0 G=78.2
09 W_C08 (C1/Deirm.)GAMMA:r-mode=8.0/alfa=6 r=12. s=.111n=1.335 ref=12. G=301.
10 W_C13 (C1/Deirm.)GAMMA:r-mode=13.3alfa=6 r=3.0 s=.111n=1.335 ref=20. G=472.
11 W_L06 (W/Lacis)GAM:r-mode=5.5 alfa=11/3 r=10. s=.15 n=1.335 ref=10. G=194.
12 Ice-H = hexagonal ice cloud (Mishchenko)
13 Ice-I = irregular ice cloud (Mishchenko)
--------
AEROSOLS
--------
14 S-Bkg LOGN:r=.090 s=.600 reff=.221 G=0.0523 n=1.514/1.473/1.459/1.448/1.435
15 S-Vol LOGN:r=.080 s=.800 reff=.386 G=0.0721 n=1.514/1.473/1.459/1.448/1.435
16 UT-sulfate LOGN:r=0.05 s=.693 n=1.44           reff=0.166___G=.0205_rho=1.769
17 UT-sulfate LOGN:r=0.05 s=.693 n=1.46           reff=0.166___G=.0205_rho=1.769
   a new Upper Trop sulfate (with two different refractive indexes)
18 UM-SULFate LOGN:r=.050 s=.642 n=1.53           reff=0.140___G=.0179_rho=1.769
19 UM-BC1     LOGN:r=.050 s=.642 n=1.80+0.50i     reff=0.140___G=.0179_rho=1.500
20 UM-BC2     LOGN:r=.080 s=.501 n=1.80+0.50i     reff=0.150___G=.0332_rho=1.500
21 UM-BB08 (%BC)LOGN:r=.080 s=.500 n=1.552+0.04i  reff=0.149___G=.0331_rho=1.230
22 UM-FF04(%BC) LOGN:r=.050 s=.642 n=1.541+0.02i  reff=0.140___G=.0179_rho=1.212
23 UM-FF10 (%BC)LOGN:r=.050 s=.642 n=1.557+0.05i  reff=0.140___G=.0179_rho=1.230
   The UMichigan aerosol properties below are derived from the UCI Mie code
   using the best available doc for the particle size distribution and 0% RH
   (ie, dry) >>> The approximately match the UMaer data, but have complete 
   scattering phase functions.
   Note that the log-normal with s=0.693 is also described incorrectly as sigma=2.
24 Mdust .15 (R.V. Martin generated phase fns)
25 Mdust .25 (R.V. Martin generated phase fns)
26 Mdust 0.4 (R.V. Martin generated phase fns)
27 Mdust 0.8 (R.V. Martin generated phase fns)
28 Mdust 1.5 (R.V. Martin generated phase fns)
29 Mdust 2.5 (R.V. Martin generated phase fns)
30 Mdust 4.0 (R.V. Martin generated phase fns)
   entries from RV Martin have been shifted have 200-nm line = 300-nm data.
   MJP does NOT have access to the size distrib/refract index to regenerate these. 



wt% sulfuric acid   rho
100.0 %      1.8305
94.0 %       1.8312
90.0 %       1.8144
84.0 %       1.7693
80.0 %       1.7272
74.0 %       1.6574
70.0 %       1.6105
64.0 %       1.5421
60.0 %       1.4987
54.0 %       1.4351
50.0 %       1.3952
44.0 %       1.3386
40.0 %       1.3028
34.0 %       1.2518
30.0 %       1.2191
24.0 %       1.1714
20.0 %       1.1398
14.0 %       1.0874
10.0 %       1.0661
 5.0 %       1.0318
 1.0 %       1.0049

Use of infrared transmission spectra in obtaining the effective radius and 
sulfate weight percent of stratospheric aerosols, Steele, H.; Eldering, A.; 
Sen, B.; Toon, G.   	EGU, 04/2003

IR transmission spectra were recorded by the MkIV interferometer during flights 
aboard the DC-8 aircraft as part of the AASE2 mission in the early months of 1992.
...
The effective radius of the aerosols is found to be between 0.4 and 0.6 microns,
...the best fit to the measured spectra is a 70 -- 75% sulfuric acid solution...

============================================================================

