ATAU   250     1.120     0.010  CLOUD-top sub-layers: max#, factor, min dtau
NW-SCATTER   56  ! Scattering phase fns, scale extinct @ 999 nm    (mjp 99/07)
 w(nm)    Q    r-eff  ss-alb  pi(0) pi(1) pi(2) pi(3) pi(4) pi(5) pi(6) pi(7)
01 RAYLE  = Rayleigh phase
  300   123.5  0.001  1.0000  1.0000  1.000   0.0 0.500   0.0   0.0   0.0   0.0   0.0
  400    39.1  0.001  1.0000  1.0000  1.000   0.0 0.500   0.0   0.0   0.0   0.0   0.0
  600     7.7  0.001  1.0000  1.0000  1.000   0.0 0.500   0.0   0.0   0.0   0.0   0.0
  999     1.0  0.001  1.0000  1.0000  1.000   0.0 0.500   0.0   0.0   0.0   0.0   0.0
02 ISOTR  = isotropic
  300     1.0  0.001  1.0000  1.0000  1.000   0.0   0.0   0.0   0.0   0.0   0.0   0.0
  400     1.0  0.001  1.0000  1.0000  1.000   0.0   0.0   0.0   0.0   0.0   0.0   0.0
  600     1.0  0.001  1.0000  1.0000  1.000   0.0   0.0   0.0   0.0   0.0   0.0   0.0
  999     1.0  0.001  1.0000  1.0000  1.000   0.0   0.0   0.0   0.0   0.0   0.0   0.0
03 ABSRB  = fully absorbing 'soot', wavelength indep.
  300     1.0  0.001  1230.0  0.0000  1.000   0.0   0.0   0.0   0.0   0.0   0.0   0.0
  400     1.0  0.001  1230.0  0.0000  1.000   0.0   0.0   0.0   0.0   0.0   0.0   0.0
  600     1.0  0.001  1230.0  0.0000  1.000   0.0   0.0   0.0   0.0   0.0   0.0   0.0
  999     1.0  0.001  1230.0  0.0000  1.000   0.0   0.0   0.0   0.0   0.0   0.0   0.0
04 S_Bkg = backgrnd stratospheric sulfate (n=1.46, log-norm: r=.09um/sigma=.6)
  300  2.7541  0.221  1630.0  1.0000  1.000 2.157 2.767 2.627 2.457 2.098 1.792 1.518
  400  2.4017  0.221  1630.0  1.0000  1.000 2.146 2.641 2.422 2.122 1.709 1.357 1.070
  600  1.6454  0.221  1630.0  1.0000  1.000 2.076 2.377 2.023 1.608 1.177 0.846 0.599
  999  0.7449  0.221  1630.0  1.0000  1.000 1.877 1.920 1.412 0.970 0.614 0.388 0.238
05 S_Vol = volcanic stratospheric sulfate (n=1.46, log-norm: r=.08um/sigma=.8)       
  300  2.6437  0.386  1630.0  1.0000  1.000 2.152 2.901 2.856 2.971 2.772 2.709 2.587
  400  2.5603  0.386  1630.0  1.0000  1.000 2.142 2.810 2.706 2.691 2.421 2.254 2.066
  600  2.2221  0.386  1630.0  1.0000  1.000 2.127 2.673 2.488 2.308 1.963 1.698 1.461
  999  1.5319  0.386  1630.0  1.0000  1.000 2.076 2.458 2.165 1.841 1.449 1.142 0.898
06 W_H01 = water haze (H1/Deirm.) (n=1.335, gamma:  r-mode=0.1um / alpha=2)
  300  2.8438   0.25  1000.0  1.0000  1.000 2.454 3.376 3.624 3.608 3.300 2.911 2.526
  400  2.3497   0.25  1000.0  1.0000  1.000 2.431 3.235 3.355 3.108 2.686 2.180 1.690
  600  1.4037   0.25  1000.0  1.0000  1.000 2.328 2.789 2.593 2.062 1.492 1.013 0.632
  999  0.5034   0.25  1000.0  1.0000  1.000 1.916 1.870 1.233 0.704 0.338 0.154 0.062
07 W_H04 = water haze H(1/Deirm.) (n=1.335, gamma:  r-mode=0.4um / alpha=2)
  300  2.2995   1.00  1000.0  1.0000  1.000 2.433 3.625 4.104 4.645 5.020 5.409 5.802
  400  2.4743   1.00  1000.0  1.0000  1.000 2.341 3.475 3.863 4.330 4.589 4.878 5.125
  600  2.6719   1.00  1000.0  1.0000  1.000 2.325 3.334 3.624 3.896 3.939 3.968 3.964
  999  2.9565   1.00  1000.0  1.0000  1.000 2.434 3.393 3.685 3.709 3.528 3.213 2.903
08 W_C02 = water cloud (C1/Deirm.) (n=1.335, gamma:  r-mode=2.0um / alpha=6)
  300  2.1410   3.00  1000.0  1.0000  1.000 2.544 3.886 4.572 5.256 5.933 6.530 7.291
  400  2.1778   3.00  1000.0  1.0000  1.000 2.513 3.834 4.480 5.160 5.785 6.356 7.044
  600  2.2287   3.00  1000.0  1.0000  1.000 2.483 3.767 4.359 4.998 5.542 6.054 6.639
  999  2.3071   3.00  1000.0  1.0000  1.000 2.395 3.597 4.063 4.648 5.052 5.478 5.857
09 W_C04 = water cloud (C1/Deirm.) (n=1.335, gamma:  r-mode=4.0um / alpha=6)
  300  2.0835   6.00  1000.0  1.0000  1.000 2.596 3.973 4.725 5.406 6.129 6.751 7.607
  400  2.1064   6.00  1000.0  1.0000  1.000 2.571 3.936 4.660 5.345 6.056 6.670 7.492
  600  2.1345   6.00  1000.0  1.0000  1.000 2.557 3.902 4.596 5.263 5.923 6.507 7.267
  999  2.1922   6.00  1000.0  1.0000  1.000 2.499 3.799 4.418 5.081 5.667 6.213 6.851
10 W_C08 = water cloud (C1/Deirm.) (n=1.335, gamma:  r-mode=8.0um / alpha=6)
  300  2.0539  12.00  1000.0  1.0000  1.000 2.619 4.013 4.798 5.476 6.232 6.870 7.780
  400  2.0643  12.00  1000.0  1.0000  1.000 2.611 3.999 4.773 5.451 6.194 6.826 7.716
  600  2.0883  12.00  1000.0  1.0000  1.000 2.589 3.965 4.712 5.394 6.121 6.744 7.599
  999  2.1236  12.00  1000.0  1.0000  1.000 2.563 3.917 4.625 5.302 5.992 6.593 7.385
11 W_C13 = water cloud (C1/Deirm.) (n=1.335, gamma:  r-mode=13.3um / alpha=6)
  300  2.0440  20.00  1000.0  1.0000  1.000 2.627 4.026 4.822 5.499 6.264 6.907 7.833
  400  2.0529  20.00  1000.0  1.0000  1.000 2.620 4.014 4.800 5.477 6.234 6.872 7.783
  600  2.0716  20.00  1000.0  1.0000  1.000 2.604 3.990 4.755 5.435 6.178 6.807 7.690
  999  2.0978  20.00  1000.0  1.0000  1.000 2.585 3.955 4.691 5.368 6.077 6.688 7.520
12 W_L06 = water cloud (Lac(is) n=1.335, r-mode=5.5um / alpha=11/3)
  300  2.0616  10.00  1000.0  1.0000  1.000 2.613 4.002 4.779 5.458 6.205 6.839 7.735
  400  2.0747  10.00  1000.0  1.0000  1.000 2.601 3.984 4.745 5.425 6.158 6.785 7.657
  600  2.1005  10.00  1000.0  1.0000  1.000 2.580 3.947 4.679 5.359 6.070 6.684 7.514
  999  2.1423  10.00  1000.0  1.0000  1.000 2.545 3.884 4.568 5.244 5.909 6.496 7.250
13 Ice-H = hexagonal ice cloud (Mishchenko)
  300  2.0000    67.   917.0  1.0000  1.000 2.435 3.712 4.756 5.960 6.908 7.865 8.954
  400  2.0000    67.   917.0  1.0000  1.000 2.435 3.712 4.756 5.960 6.908 7.865 8.954
  600  2.0000    67.   917.0  1.0000  1.000 2.435 3.712 4.756 5.960 6.908 7.865 8.954
  999  2.0000    67.   917.0  1.0000  1.000 2.435 3.712 4.756 5.960 6.908 7.865 8.954
14 Ice-I = irregular ice cloud (Mishchenko)
  300  2.0000    50.   917.0  1.0000  1.000 2.257 3.164 4.096 5.088 6.018 6.897 7.794
  400  2.0000    50.   917.0  1.0000  1.000 2.257 3.164 4.096 5.088 6.018 6.897 7.794
  600  2.0000    50.   917.0  1.0000  1.000 2.257 3.164 4.096 5.088 6.018 6.897 7.794
  999  2.0000    50.   917.0  1.0000  1.000 2.257 3.164 4.096 5.088 6.018 6.897 7.794
15 Mdust 0.15 = mineral dust (R.V.Martin)
  300  3.0039  0.150  2500.0  0.884 1.000 2.030 2.363 2.082 1.710 1.290  0.941  0.638
  400  2.4763  0.150  2500.0  0.937 1.000 1.988 2.151 1.735 1.248 0.809  0.503  0.279
  600  1.2768  0.150  2500.0  0.979 1.000 1.816 1.675 1.075 0.604 0.281  0.132  0.049
  999  0.3595  0.150  2500.0  0.958 1.000 1.320 0.994 0.377 0.126 0.031  0.008  0.001
16 Mdust 0.25 = mineral dust (R.V.Martin)
  300  2.9406  0.250  2500.0  0.820 1.000 2.046 2.643 2.593 2.634 2.406  2.244  1.944
  400  3.1046  0.250  2500.0  0.913 1.000 2.021 2.486 2.264 2.047 1.671  1.362  1.039
  600  2.6144  0.250  2500.0  0.980 1.000 2.026 2.296 1.926 1.470 1.013  0.668  0.403
  999  1.2426  0.250  2500.0  0.974 1.000 1.824 1.689 1.087 0.611 0.286  0.134  0.050
17 Mdust 0.4 = mineral dust (R.V.Martin)
  300  2.6069  0.400  2500.0  0.739 1.000 2.192 3.070 3.393 3.903 4.021  4.248  4.168
  400  2.8244  0.400  2500.0  0.860 1.000 2.027 2.711 2.679 2.900 2.734  2.723  2.478
  600  3.1156  0.400  2500.0  0.971 1.000 2.017 2.537 2.306 2.136 1.761  1.466  1.151
  999  2.4773  0.400  2500.0  0.975 1.000 2.036 2.286 1.903 1.428 0.966  0.623  0.368
18 Mdust 0.8 = mineral dust (R.V.Martin)
  300  2.3457  0.800  2500.0  0.640 1.000 2.517 3.780 4.729 5.755 6.524  7.339  7.903
  400  2.4344  0.800  2500.0  0.763 1.000 2.295 3.320 3.800 4.578 4.913  5.482  5.662
  600  2.6416  0.800  2500.0  0.936 1.000 2.023 2.830 2.805 3.279 3.178  3.418  3.275
  999  3.0396  0.800  2500.0  0.957 1.000 2.019 2.618 2.441 2.414 2.106  1.895  1.610
19 Mdust 1.5 = mineral dust (R.V.Martin)
  300  2.2228  1.500  2650.0  0.579 1.000 2.705 4.250 5.641 7.023 8.293  9.539 10.662
  400  2.2732  1.500  2650.0  0.676 1.000 2.539 3.821 4.771 5.881 6.738  7.733  8.463
  600  2.3707  1.500  2650.0  0.890 1.000 2.240 3.259 3.544 4.375 4.592  5.292  5.471
  999  2.5751  1.500  2650.0  0.913 1.000 2.083 2.944 3.008 3.555 3.538  3.852  3.789
20 Mdust 2.5 = mineral dust (R.V.Martin)
  300  2.1579  2.500  2650.0  0.556 1.000 2.780 4.476 6.085 7.664 9.186 10.673 12.096
  400  2.1923  2.500  2650.0  0.616 1.000 2.678 4.164 5.458 6.813 8.046  9.325 10.461
  600  2.2560  2.500  2650.0  0.842 1.000 2.391 3.526 4.044 5.035 5.527  6.483  6.961
  999  2.3716  2.500  2650.0  0.869 1.000 2.268 3.300 3.634 4.458 4.720  5.401  5.624
21 Mdust 4.0 = mineral dust (R.V.Martin)
  300  2.1154  4.000  2650.0  0.550 1.000 2.809 4.574 6.281 7.960 9.607 11.224 12.806
  400  2.1402  4.000  2650.0  0.577 1.000 2.761 4.405 5.941 7.485 8.974 10.462 11.878
  600  2.1852  4.000  2650.0  0.786 1.000 2.505 3.744 4.488 5.599 6.354  7.485  8.238
  999  2.2637  4.000  2650.0  0.819 1.000 2.413 3.563 4.133 5.118 5.652  6.582  7.097
22 S00(rvm) Trop sulfate at RH=00 (n@400=1.44 log-norm: r=.05um/sigma=2.0)
  300  2.1411  0.159  1700.0  1.0000  1.000 2.107 2.570 2.325 2.050 1.662 1.353 1.095
  400  1.5786  0.159  1700.0  1.0000  1.000 2.116 2.510 2.228 1.873 1.461 1.126 0.865
  600  0.9088  0.159  1700.0  1.0000  1.000 2.027 2.269 1.885 1.470 1.067 0.765 0.544
 1000  0.3537  0.159  1700.0  1.0000  1.000 1.815 1.865 1.368 0.952 0.619 0.404 0.260
23 S50(rvm) Trop sulfate at RH=50 (n@400=1.38 log-norm: r=.06um/sigma=2.0)
  300  2.3057  0.217  1700.0  1.0000  1.000 2.274 2.963 2.935 2.768 2.430 2.099 1.812
  400  1.8327  0.217  1700.0  1.0000  1.000 2.279 2.900 2.823 2.563 2.172 1.797 1.477
  600  1.1573  0.217  1700.0  1.0000  1.000 2.212 2.679 2.473 2.112 1.683 1.309 1.006
 1000  0.5062  0.217  1700.0  1.0000  1.000 2.033 2.273 1.894 1.469 1.065 0.762 0.536
24 S70(rvm) Trop sulfate at RH=70 (n@400=1.36 log-norm: r=.07um/sigma=2.0)
  300  2.3816  0.241  1700.0  1.0000  1.000 2.302 3.044 3.070 2.945 2.635 2.318 2.034
  400  1.9462  0.241  1700.0  1.0000  1.000 2.310 2.986 2.964 2.743 2.371 1.998 1.673
  600  1.2726  0.241  1700.0  1.0000  1.000 2.254 2.782 2.632 2.298 1.874 1.488 1.167
 1000  0.5840  0.241  1700.0  1.0000  1.000 2.089 2.388 2.053 1.635 1.218 0.891 0.642
25 S80(rvm) Trop sulfate at RH=80 (n@400=1.36 log-norm: r=.07um/sigma=2.0)
  300  2.4415  0.260  1700.0  1.0000  1.000 2.317 3.092 3.153 3.060 2.773 2.471 2.196
  400  2.0391  0.260  1700.0  1.0000  1.000 2.328 3.040 3.054 2.862 2.508 2.142 1.816
  600  1.3726  0.260  1700.0  1.0000  1.000 2.280 2.851 2.740 2.429 2.011 1.620 1.289
 1000  0.6501  0.260  1700.0  1.0000  1.000 2.130 2.473 2.173 1.765 1.340 0.997 0.730
26 S90(rvm) Trop sulfate at RH=90 (n@400=1.35 log-norm: r=.08um/sigma=2.0)
  300  2.5294  0.297  1700.0  1.0000  1.000 2.337 3.166 3.281 3.244 3.002 2.733 2.479
  400  2.1924  0.297  1700.0  1.0000  1.000 2.352 3.121 3.194 3.053 2.733 2.386 2.067
  600  1.5527  0.297  1700.0  1.0000  1.000 2.319 2.958 2.912 2.643 2.243 1.850 1.506
 1000  0.7869  0.297  1700.0  1.0000  1.000 2.189 2.606 2.366 1.979 1.547 1.181 0.887
27 S95(rvm) Trop sulfate at RH=95 (n@400=1.35 log-norm: r=.10um/sigma=2.0)
  300  2.6088  0.347  1700.0  1.0000  1.000 2.349 3.227 3.392 3.420 3.232 3.012 2.796
  400  2.3545  0.347  1700.0  1.0000  1.000 2.370 3.194 3.323 3.242 2.967 2.652 2.353
  600  1.7709  0.347  1700.0  1.0000  1.000 2.352 3.060 3.083 2.866 2.494 2.107 1.759
 1000  0.9688  0.347  1700.0  1.0000  1.000 2.248 2.746 2.577 2.222 1.791 1.405 1.085
28 S99(rvm) Trop sulfate at RH=99 (n@400=1.34 log-norm: r=.14um/sigma=2.0)
  300  2.6638  0.498  1700.0  1.0000  1.000 2.355 3.326 3.577 3.760 3.717 3.648 3.566
  400  2.6086  0.498  1700.0  1.0000  1.000 2.384 3.311 3.540 3.603 3.454 3.252 3.045
  600  2.2570  0.498  1700.0  1.0000  1.000 2.395 3.233 3.387 3.301 3.021 2.691 2.372
 1000  1.4906  0.498  1700.0  1.0000  1.000 2.346 3.015 3.005 2.751 2.356 1.957 1.601
29 BC00(rvm) Black C, RH=00 (n@400=1.75-.46i log-norm: r=.01um/sigma=2.0)
  300  1.0643  0.039  1000.0  0.3128  1.000 1.361 1.201 0.710 0.410 0.231 0.135 0.080
  400  0.7563  0.039  1000.0  0.2672  1.000 1.189 1.018 0.514 0.262 0.131 0.069 0.037
  600  0.4289  0.039  1000.0  0.1920  1.000 0.961 0.828 0.324 0.135 0.056 0.024 0.011
 1000  0.2166  0.039  1000.0  0.0964  1.000 0.672 0.661 0.167 0.048 0.013 0.003 0.001
30 BC50(rvm) Black C, RH=50 (n@400=1.75-.46i log-norm: r=.01um/sigma=2.0)
  300  1.0643  0.039  1000.0  0.3128  1.000 1.361 1.201 0.710 0.410 0.231 0.135 0.080
  400  0.7563  0.039  1000.0  0.2672  1.000 1.189 1.018 0.514 0.262 0.131 0.069 0.037
  600  0.4289  0.039  1000.0  0.1920  1.000 0.961 0.828 0.324 0.135 0.056 0.024 0.011
 1000  0.2166  0.039  1000.0  0.0964  1.000 0.672 0.661 0.167 0.048 0.013 0.003 0.001
31 BC70(rvm) Black C, RH=70 (n@400=1.75-.46i log-norm: r=.01um/sigma=2.0)
  300  1.0643  0.039  1000.0  0.3128  1.000 1.361 1.201 0.710 0.410 0.231 0.135 0.080
  400  0.7563  0.039  1000.0  0.2672  1.000 1.189 1.018 0.514 0.262 0.131 0.069 0.037
  600  0.4289  0.039  1000.0  0.1920  1.000 0.961 0.828 0.324 0.135 0.056 0.024 0.011
 1000  0.2166  0.039  1000.0  0.0964  1.000 0.672 0.661 0.167 0.048 0.013 0.003 0.001
32 BC80(rvm) Black C, RH=80 (n@400=1.57-.27i log-norm: r=.01um/sigma=2.0)
  300  0.9310  0.047  1000.0  0.3604  1.000 1.626 1.530 1.035 0.659 0.407 0.255 0.160
  400  0.6525  0.047  1000.0  0.3131  1.000 1.438 1.291 0.768 0.439 0.245 0.140 0.081
  600  0.3640  0.047  1000.0  0.2331  1.000 1.171 1.022 0.490 0.236 0.112 0.055 0.028
 1000  0.1808  0.047  1000.0  0.1220  1.000 0.827 0.768 0.254 0.089 0.030 0.010 0.003
33 BC90(rvm) Black C, RH=90 (n@400=1.48-.17i log-norm: r=.02um/sigma=2.0)
  300  0.8554  0.055  1000.0  0.4318  1.000 1.811 1.807 1.338 0.919 0.608 0.402 0.266
  400  0.5876  0.055  1000.0  0.3839  1.000 1.623 1.535 1.017 0.635 0.384 0.234 0.144
  600  0.3186  0.055  1000.0  0.2989  1.000 1.341 1.206 0.664 0.356 0.187 0.101 0.054
 1000  0.1518  0.055  1000.0  0.1666  1.000 0.966 0.879 0.350 0.143 0.057 0.023 0.008
34 BC95(rvm) Black C, RH=95 (n@400=1.45-.14i log-norm: r=.02um/sigma=2.0)
  300  0.8369  0.059  1000.0  0.4723  1.000 1.882 1.925 1.476 1.046 0.712 0.481 0.325
  400  0.5692  0.059  1000.0  0.4251  1.000 1.697 1.644 1.136 0.735 0.459 0.288 0.181
  600  0.3039  0.059  1000.0  0.3389  1.000 1.414 1.293 0.750 0.420 0.229 0.128 0.071
 1000  0.1411  0.059  1000.0  0.1961  1.000 1.029 0.935 0.399 0.174 0.074 0.032 0.013
35 BC99(rvm) Black C, RH=99 (n@400=1.39-.07i log-norm: r=.02um/sigma=2.0)
  300  0.8533  0.075  1000.0  0.6328  1.000 2.076 2.294 1.941 1.506 1.109 0.802 0.576
  400  0.5647  0.075  1000.0  0.5956  1.000 1.914 2.001 1.554 1.117 0.765 0.519 0.350
  600  0.2860  0.075  1000.0  0.5187  1.000 1.643 1.599 1.074 0.682 0.416 0.256 0.157
 1000  0.1184  0.075  1000.0  0.3536  1.000 1.248 1.150 0.602 0.311 0.157 0.081 0.041
36 OC00(rvm) Organic C, RH=00 (n@400=1.53-.005i log-norm: r=.02um/sigma=2.0)
  300  1.0162  0.070  1800.0  0.9530  1.000 1.871 1.938 1.467 1.056 0.706 0.480 0.316
  400  0.6261  0.070  1800.0  0.9673  1.000 1.759 1.732 1.211 0.811 0.503 0.321 0.196
  600  0.2733  0.070  1800.0  0.9493  1.000 1.559 1.436 0.876 0.522 0.290 0.168 0.093
 1000  0.0833  0.070  1800.0  0.7901  1.000 1.234 1.089 0.528 0.262 0.125 0.064 0.031
37 OC50(rvm) Organic C, RH=50 (n@400=1.44-.003i log-norm: r=.03um/sigma=2.0)
  300  1.1021  0.087  1800.0  0.9716  1.000 2.040 2.288 1.914 1.500 1.095 0.789 0.565
  400  0.6904  0.087  1800.0  0.9803  1.000 1.939 2.074 1.626 1.198 0.822 0.561 0.378
  600  0.3114  0.087  1800.0  0.9696  1.000 1.739 1.732 1.207 0.802 0.498 0.313 0.193
 1000  0.0955  0.087  1800.0  0.8711  1.000 1.402 1.301 0.740 0.417 0.224 0.126 0.069
38 OC70(rvm) Organic C, RH=70 (n@400=1.42-.002i log-norm: r=.03um/sigma=2.0)
  300  1.1602  0.095  1800.0  0.9771  1.000 2.095 2.408 2.079 1.675 1.258 0.928 0.680
  400  0.7380  0.095  1800.0  0.9843  1.000 1.998 2.194 1.783 1.354 0.959 0.671 0.464
  600  0.3373  0.095  1800.0  0.9759  1.000 1.805 1.845 1.342 0.924 0.596 0.385 0.245
 1000  0.1047  0.095  1800.0  0.8982  1.000 1.470 1.390 0.834 0.490 0.275 0.159 0.090
39 OC80(rvm) Organic C, RH=80 (n@400=1.40-.002i log-norm: r=.03um/sigma=2.0)
  300  1.2225  0.102  1800.0  0.9811  1.000 2.134 2.499 2.208 1.817 1.393 1.047 0.781
  400  0.7864  0.102  1800.0  0.9871  1.000 2.045 2.289 1.912 1.487 1.078 0.770 0.543
  600  0.3664  0.102  1800.0  0.9805  1.000 1.858 1.937 1.455 1.030 0.682 0.451 0.294
 1000  0.1150  0.102  1800.0  0.9180  1.000 1.527 1.466 0.916 0.556 0.322 0.191 0.111
40 OC90(rvm) Organic C, RH=90 (n@400=1.38-.001i log-norm: r=.03um/sigma=2.0)
  300  1.3563  0.116  1800.0  0.9867  1.000 2.196 2.646 2.424 2.062 1.634 1.265 0.972
  400  0.8922  0.116  1800.0  0.9911  1.000 2.119 2.451 2.137 1.727 1.301 0.961 0.701
  600  0.4317  0.116  1800.0  0.9869  1.000 1.946 2.099 1.661 1.229 0.850 0.583 0.394
 1000  0.1401  0.116  1800.0  0.9462  1.000 1.629 1.607 1.073 0.688 0.418 0.258 0.157
41 OC95(rvm) Organic C, RH=95 (n@400=1.37-.001i log-norm: r=.04um/sigma=2.0)
  300  1.5220  0.133  1800.0  0.9909  1.000 2.248 2.781 2.631 2.306 1.885 1.502 1.186
  400  1.0365  0.133  1800.0  0.9941  1.000 2.184 2.601 2.355 1.969 1.535 1.169 0.879
  600  0.5230  0.133  1800.0  0.9915  1.000 2.031 2.262 1.877 1.446 1.042 0.740 0.517
 1000  0.1771  0.133  1800.0  0.9665  1.000 1.734 1.761 1.251 0.844 0.538 0.345 0.219
42 OC99(rvm) Organic C, RH=99 (n@400=1.350.000i log-norm: r=.05um/sigma=2.0)
  300  1.9223  0.177  1800.0  0.9958  1.000 2.322 3.000 2.985 2.758 2.380 1.999 1.664
  400  1.4182  0.177  1800.0  0.9975  1.000 2.288 2.866 2.763 2.452 2.032 1.637 1.301
  600  0.7958  0.177  1800.0  0.9967  1.000 2.178 2.576 2.318 1.921 1.487 1.124 0.836
 1000  0.3046  0.177  1800.0  0.9883  1.000 1.935 2.089 1.655 1.224 0.851 0.586 0.398
43 SSa00(rvm) Sea Salt (accum), RH=00 (n@400=1.50 log-norm: r=.21um/sigma=2.0)
  300  2.4998  0.732  2200.0  0.9999  1.000 2.122 3.044 3.083 3.688 3.676 4.110 4.155
  400  2.6308  0.732  2200.0  1.0000  1.000 2.096 2.938 2.916 3.332 3.234 3.455 3.412
  600  2.7565  0.732  2200.0  1.0000  1.000 2.092 2.812 2.714 2.854 2.633 2.591 2.435
 1000  2.5373  0.732  2200.0  0.9987  1.000 2.125 2.701 2.530 2.378 2.037 1.776 1.533
44 SSa50(rvm) Sea Salt (accum), RH=50 (n@400=1.38 log-norm: r=.34um/sigma=2.0)
  300  2.3632  1.177  2200.0  1.0000  1.000 2.337 3.457 3.796 4.390 4.661 5.083 5.455
  400  2.4743  1.177  2200.0  1.0000  1.000 2.318 3.383 3.677 4.144 4.320 4.586 4.814
  600  2.6330  1.177  2200.0  1.0000  1.000 2.316 3.297 3.529 3.799 3.814 3.849 3.864
 1000  2.6210  1.177  2200.0  0.9995  1.000 2.345 3.224 3.387 3.422 3.241 3.028 2.821
45 SSa70(rvm) Sea Salt (accum), RH=70 (n@400=1.37 log-norm: r=.38um/sigma=2.0)
  300  2.3305  1.324  2200.0  1.0000  1.000 2.368 3.522 3.911 4.518 4.845 5.290 5.712
  400  2.4328  1.324  2200.0  1.0000  1.000 2.347 3.450 3.796 4.289 4.526 4.828 5.109
  600  2.5958  1.324  2200.0  1.0000  1.000 2.338 3.359 3.640 3.953 4.027 4.111 4.175
 1000  2.6449  1.324  2200.0  0.9996  1.000 2.364 3.287 3.502 3.588 3.456 3.284 3.107
46 SSa80(rvm) Sea Salt (accum), RH=80 (n@400=1.36 log-norm: r=.42um/sigma=2.0)
  300  2.3054  1.457  2200.0  1.0000  1.000 2.389 3.568 3.993 4.612 4.977 5.442 5.901
  400  2.3997  1.457  2200.0  1.0000  1.000 2.367 3.498 3.881 4.395 4.678 5.011 5.334
  600  2.5625  1.457  2200.0  1.0000  1.000 2.353 3.404 3.720 4.068 4.188 4.313 4.420
 1000  2.6557  1.457  2200.0  0.9997  1.000 2.374 3.329 3.579 3.705 3.615 3.479 3.334
47 SSa90(rvm) Sea Salt (accum), RH=90 (n@400=1.35 log-norm: r=.50um/sigma=2.0)
  300  2.2634  1.740  2200.0  1.0000  1.000 2.423 3.640 4.121 4.759 5.193 5.694 6.222
  400  2.3437  1.740  2200.0  1.0000  1.000 2.396 3.571 4.012 4.568 4.926 5.317 5.717
  600  2.4954  1.740  2200.0  1.0000  1.000 2.373 3.471 3.843 4.253 4.458 4.662 4.853
 1000  2.6519  1.740  2200.0  0.9998  1.000 2.384 3.387 3.688 3.887 3.875 3.816 3.740
48 SSa95(rvm) Sea Salt (accum), RH=95 (n@400=1.35 log-norm: r=.60um/sigma=2.0)
  300  2.2247  2.119  2200.0  1.0000  1.000 2.454 3.705 4.237 4.898 5.388 5.925 6.518
  400  2.2881  2.119  2200.0  1.0000  1.000 2.428 3.644 4.141 4.734 5.166 5.612 6.093
  600  2.4211  2.119  2200.0  1.0000  1.000 2.393 3.538 3.962 4.436 4.729 5.017 5.304
 1000  2.6125  2.119  2200.0  0.9998  1.000 2.390 3.440 3.787 4.064 4.140 4.174 4.187
49 SSa99(rvm) Sea Salt (accum), RH=99 (n@400=1.34 log-norm: r=.99um/sigma=2.0)
  300  2.1540  3.484  2200.0  1.0000  1.000 2.518 3.828 4.455 5.141 5.742 6.338 7.067
  400  2.1920  3.484  2200.0  1.0000  1.000 2.497 3.790 4.399 5.052 5.620 6.162 6.806
  600  2.2683  3.484  2200.0  1.0000  1.000 2.455 3.700 4.248 4.841 5.318 5.769 6.271
 1000  2.4312  3.484  2200.0  0.9998  1.000 2.410 3.565 4.015 4.471 4.770 5.037 5.303
50 SSc00(rvm) Sea Salt (coarse), RH=00 (n@400=1.50 log-norm: r=1.8um/sigma=2.0)
  300  2.1044  5.674  2200.0  0.9995  1.000 2.411 3.610 3.964 4.970 5.369 6.477 7.058
  400  2.1270  5.674  2200.0  1.0000  1.000 2.399 3.592 3.941 4.926 5.304 6.354 6.926
  600  2.1674  5.674  2200.0  1.0000  1.000 2.372 3.544 3.872 4.823 5.158 6.119 6.644
 1000  2.2422  5.674  2200.0  0.9901  1.000 2.331 3.466 3.770 4.632 4.916 5.701 6.153
51 SSc50(rvm) Sea Salt (coarse), RH=50 (n@400=1.38 log-norm: r=2.8um/sigma=2.0)
  300  2.0767  9.024  2200.0  0.9998  1.000 2.547 3.870 4.492 5.262 5.886 6.637 7.545
  400  2.0932  9.024  2200.0  1.0000  1.000 2.543 3.867 4.496 5.245 5.870 6.583 7.456
  600  2.1231  9.024  2200.0  1.0000  1.000 2.525 3.836 4.449 5.182 5.783 6.455 7.262
 1000  2.1768  9.024  2200.0  0.9962  1.000 2.490 3.773 4.351 5.052 5.603 6.206 6.899
52 SSc70(rvm) Sea Salt (coarse), RH=70 (n@400=1.37 log-norm: r=3.2um/sigma=2.0)
  300  2.0710 10.107  2200.0  0.9999  1.000 2.563 3.901 4.555 5.300 5.955 6.677 7.597
  400  2.0863 10.107  2200.0  1.0000  1.000 2.560 3.900 4.564 5.290 5.949 6.635 7.519
  600  2.1139 10.107  2200.0  1.0000  1.000 2.544 3.873 4.524 5.237 5.875 6.526 7.347
 1000  2.1631 10.107  2200.0  0.9969  1.000 2.512 3.816 4.433 5.122 5.713 6.307 7.022
53 SSc80(rvm) Sea Salt (coarse), RH=80 (n@400=1.36 log-norm: r=3.5um/sigma=2.0)
  300  2.0671 10.879  2200.0  0.9999  1.000 2.573 3.920 4.597 5.326 6.002 6.706 7.631
  400  2.0815 10.879  2200.0  1.0000  1.000 2.571 3.921 4.609 5.322 6.001 6.673 7.562
  600  2.1075 10.879  2200.0  1.0000  1.000 2.557 3.898 4.575 5.276 5.937 6.577 7.406
 1000  2.1534 10.879  2200.0  0.9974  1.000 2.526 3.844 4.488 5.170 5.786 6.377 7.106
54 SSc90(rvm) Sea Salt (coarse), RH=90 (n@400=1.35 log-norm: r=4.2um/sigma=2.0)
  300  2.0604 12.372  2200.0  0.9999  1.000 2.586 3.946 4.651 5.363 6.063 6.750 7.681
  400  2.0734 12.372  2200.0  1.0000  1.000 2.586 3.950 4.668 5.366 6.072 6.729 7.626
  600  2.0967 12.372  2200.0  1.0000  1.000 2.574 3.932 4.642 5.332 6.023 6.653 7.496
 1000  2.1377 12.372  2200.0  0.9981  1.000 2.548 3.886 4.569 5.244 5.898 6.487 7.240
55 SSc95(rvm) Sea Salt (coarse), RH=95 (n@400=1.34 log-norm: r=5.1um/sigma=2.0)
  300  2.0542 14.057  2200.0  0.9999  1.000 2.597 3.967 4.694 5.395 6.113 6.788 7.724
  400  2.0658 14.057  2200.0  1.0000  1.000 2.598 3.973 4.716 5.405 6.130 6.778 7.681
  600  2.0866 14.057  2200.0  1.0000  1.000 2.589 3.960 4.699 5.380 6.096 6.720 7.574
 1000  2.1230 14.057  2200.0  0.9986  1.000 2.564 3.918 4.629 5.303 5.983 6.576 7.354
56 SSc99(rvm) Sea Salt (coarse), RH=99 (n@400=1.34 log-norm: r=8.6um/sigma=2.0)
  300  2.0431 18.159  2200.0  1.0000  1.000 2.611 3.992 4.743 5.433 6.171 6.839 7.788
  400  2.0523 18.159  2200.0  1.0000  1.000 2.614 4.002 4.773 5.454 6.201 6.846 7.764
  600  2.0688 18.159  2200.0  1.0000  1.000 2.609 3.997 4.770 5.447 6.190 6.816 7.695
 1000  2.0973 18.159  2200.0  0.9991  1.000 2.591 3.968 4.725 5.397 6.120 6.724 7.545
